79 73
106
25 50 43 59
66 62 50 70
55 9 69 20
8 51 20 63
77 36 70 21
28 2 14 9
53 71 38 71
3 29 7 43
48 5 34 2
8 20 11 33
21 42 31 50
9 18 12 29
72 52 77 42
39 54 49 57
21 59 30 64
7 49 3 40
66 61 71 53
60 68 67 62
31 68 23 64
13 52 19 58
39 67 31 65
16 41 12 34
10 17 14 10
50 69 42 68
5 25 5 33
36 70 44 70
76 35 76 43
15 59 10 54
2 32 3 39
27 3 34 3
54 9 48 6
13 29 16 35
56 70 61 66
32 50 37 53
17 42 21 46
22 64 18 60
68 55 72 51
55 58 50 57
45 60 50 60
45 60 50 60
63 56 68 56
49 72 44 72
8 44 10 48
21 41 18 38
61 57 57 58
77 41 77 37
11 21 11 17
33 2 29 2
49 34 45 34
21 47 24 49
42 33 40 30
63 59 66 58
33 69 36 69
38 4 41 4
44 24 41 24
57 68 55 70
57 68 55 70
13 51 11 49
66 18 68 20
56 61 54 61
58 60 60 60
51 61 53 61
37 3 35 3
9 22 7 22
9 22 7 22
64 15 63 14
6 25 7 24
7 23 6 24
60 12 59 11
17 36 18 37
8 50 9 51
51 31 51 32
40 68 41 68
40 68 41 68
38 28 38 27
61 59 62 59
9 20 9 19
4 28 4 27
44 5 45 5
2 36 2 37
76 47 76 47
57 60 57 60
56 58 56 58
67 55 67 55
17 6 17 6
68 60 68 60
67 57 67 57
13 13 13 13
13 13 13 13
50 28 50 28
4 44 4 44
32 68 32 68
47 26 47 26
53 70 53 70
54 70 54 70
39 30 39 30
49 70 49 70
75 49 75 49
74 27 74 27
69 58 69 58
14 11 14 11
67 55 67 55
51 69 51 69
5 46 5 46
3 31 3 31
21 4 21 4
