77 73
126
73 51 73 26
38 72 59 67
74 27 67 13
15 64 28 71
63 50 73 40
66 61 72 49
2 36 8 48
2 44 8 56
6 56 15 65
6 42 1 31
11 58 20 65
57 67 66 60
4 20 11 11
63 10 53 5
21 6 32 4
51 59 61 54
60 63 51 67
4 21 1 30
34 58 43 58
61 62 69 58
15 54 23 58
74 28 74 36
34 61 42 61
36 2 44 2
51 4 43 4
58 53 51 56
71 41 72 48
32 2 39 3
7 58 12 63
22 5 16 8
14 50 19 54
23 55 29 57
29 71 35 69
36 33 42 34
25 67 31 68
43 60 49 60
43 68 49 68
12 10 9 15
9 49 13 53
13 50 9 46
23 5 28 3
34 72 39 71
28 60 33 60
44 57 49 57
59 53 62 50
45 70 41 70
45 70 41 70
2 28 2 32
2 39 2 43
38 69 42 69
32 71 36 71
74 40 74 44
36 30 40 30
68 49 65 51
4 52 6 55
6 43 9 45
21 65 24 66
70 45 69 48
70 45 69 48
3 41 3 44
40 24 37 24
48 3 45 3
72 42 72 39
36 31 36 34
63 64 65 62
65 12 67 14
71 54 72 52
3 25 3 27
4 47 4 45
50 5 52 5
47 71 49 71
29 3 31 3
39 33 41 33
27 59 25 59
6 18 6 16
60 66 59 65
22 55 21 54
4 51 3 50
68 56 67 57
63 53 64 52
44 32 45 31
29 70 30 70
52 68 53 68
55 67 56 67
32 57 33 57
30 57 31 57
63 11 64 11
10 57 9 57
4 23 4 22
32 28 32 27
33 4 34 4
36 69 37 69
40 3 41 3
51 70 52 70
33 33 33 33
33 33 33 33
33 33 33 33
33 33 33 33
33 33 33 33
14 53 14 53
14 53 14 53
14 53 14 53
14 53 14 53
14 53 14 53
9 14 9 14
24 58 24 58
24 58 24 58
5 20 5 20
66 58 66 58
66 58 66 58
50 67 50 67
41 31 41 31
19 7 19 7
50 59 50 59
45 28 45 28
22 69 22 69
72 20 72 20
14 53 14 53
18 67 18 67
66 12 66 12
33 68 33 68
33 33 33 33
32 68 32 68
35 25 35 25
28 70 28 70
43 26 43 26
