79 77
130
76 41 66 61
19 66 6 56
47 73 61 66
61 50 52 59
6 27 2 39
67 54 61 65
22 70 33 75
16 66 25 73
16 14 25 7
63 46 68 36
55 66 45 71
3 37 3 48
52 55 43 60
74 41 76 31
12 18 6 26
65 13 58 6
28 72 37 75
45 2 54 4
68 21 64 13
39 2 31 6
20 64 12 60
30 5 23 10
34 64 42 61
48 72 40 75
35 4 43 2
68 35 69 27
67 58 63 64
34 3 28 7
34 73 41 74
29 65 22 65
31 67 24 67
2 47 2 40
68 53 71 47
50 60 44 63
3 49 6 55
74 26 70 21
65 36 67 30
62 43 64 37
75 34 75 28
58 49 61 44
12 17 17 14
19 68 15 64
11 61 15 65
57 65 61 61
72 22 68 18
67 29 69 24
37 66 32 66
43 72 38 72
74 29 72 25
56 5 59 8
58 67 61 64
54 52 57 49
67 20 68 24
77 35 77 39
43 63 40 65
35 27 38 27
31 39 34 39
35 27 38 27
20 66 23 66
20 66 23 66
9 58 7 56
73 42 72 44
31 64 33 64
63 12 63 10
74 30 74 32
4 34 4 36
75 42 75 40
27 6 26 7
27 6 26 7
20 10 21 11
54 53 53 54
62 48 61 49
30 30 29 31
38 33 39 34
72 45 71 46
13 18 14 17
62 61 63 60
16 13 15 14
28 74 27 74
38 75 39 75
35 74 36 74
39 65 38 65
66 18 66 19
72 52 72 52
72 52 72 52
69 42 69 42
14 15 14 15
3 33 3 33
3 33 3 33
3 33 3 33
56 68 56 68
56 68 56 68
56 65 56 65
74 38 74 38
19 11 19 11
40 2 40 2
74 48 74 48
5 31 5 31
40 31 40 31
69 26 69 26
34 75 34 75
41 3 41 3
71 54 71 54
73 50 73 50
69 39 69 39
44 71 44 71
38 32 38 32
39 36 39 36
7 26 7 26
60 66 60 66
29 37 29 37
21 64 21 64
40 29 40 29
33 28 33 28
36 38 36 38
55 5 55 5
50 71 50 71
3 33 3 33
71 23 71 23
76 44 76 44
45 74 45 74
14 15 14 15
21 71 21 71
26 73 26 73
39 32 39 32
37 74 37 74
70 41 70 41
28 34 28 34
48 3 48 3
48 3 48 3
