77 77
117
49 74 28 74
27 3 48 3
71 55 59 70
11 64 3 48
6 50 20 61
6 18 1 35
64 11 49 4
74 45 63 56
45 2 30 2
71 49 63 59
16 8 7 17
47 73 58 70
28 73 18 70
63 67 69 59
20 69 12 65
13 10 7 16
29 72 37 73
29 64 37 65
38 73 46 72
73 38 74 30
42 75 34 75
42 67 34 67
73 27 70 20
73 41 70 48
24 5 17 8
70 19 65 14
69 17 64 12
72 53 72 46
5 55 8 61
54 64 60 61
53 70 59 68
2 30 3 24
42 38 36 39
31 66 25 65
3 40 2 46
46 66 52 65
15 10 20 7
50 63 55 61
21 61 26 63
6 49 4 44
36 34 41 34
24 4 29 4
73 28 73 33
15 60 11 57
56 60 60 58
28 72 24 70
7 18 10 15
8 53 11 56
40 65 44 64
2 43 2 39
14 65 11 63
2 36 3 39
21 63 18 62
36 32 39 31
39 37 36 38
37 27 40 27
73 50 73 47
52 73 49 73
63 66 65 64
7 49 9 51
60 67 62 65
15 65 17 67
71 53 70 55
7 19 6 21
21 69 23 70
40 34 41 32
3 45 3 47
27 5 25 5
45 66 43 66
46 64 48 64
4 49 4 47
22 64 24 64
74 42 74 44
1 31 1 33
17 61 16 60
27 63 28 64
27 63 28 64
61 57 62 56
67 61 68 60
10 61 11 62
39 38 38 38
32 66 33 66
39 65 38 65
50 71 51 71
53 72 54 72
48 4 47 4
73 40 73 39
74 36 74 35
32 31 32 30
4 43 4 43
4 43 4 43
49 64 49 64
44 36 44 36
3 51 3 51
17 69 17 69
45 64 45 64
45 64 45 64
45 64 45 64
6 47 6 47
40 32 40 32
35 28 35 28
35 28 35 28
62 59 62 59
23 6 23 6
58 7 58 7
58 68 58 68
54 5 54 5
36 33 36 33
43 29 43 29
17 69 17 69
33 37 33 37
61 60 61 60
4 22 4 22
50 5 50 5
4 53 4 53
53 64 53 64
45 34 45 34
