79 73
125
77 35 64 8
17 13 3 31
65 33 56 45
73 48 76 34
45 66 57 60
25 8 15 16
25 58 13 55
17 66 28 71
61 57 71 51
69 31 64 41
47 55 37 59
40 71 50 67
24 68 14 64
36 5 26 8
50 2 60 5
71 45 65 53
5 30 1 38
58 64 50 68
52 47 45 52
57 48 63 42
65 57 59 63
41 2 49 3
13 62 9 55
56 48 50 53
62 59 56 64
72 43 74 36
9 21 5 27
17 67 13 61
6 52 12 55
68 26 65 32
17 59 11 56
32 57 38 55
34 4 40 3
35 72 29 71
70 22 70 28
44 52 39 55
36 72 41 70
77 36 76 41
51 67 55 64
35 60 30 60
36 34 31 34
42 4 37 4
66 58 68 54
24 10 28 8
65 58 62 61
67 56 70 53
29 69 25 68
3 45 4 49
31 69 27 70
32 69 36 68
26 61 22 60
34 70 38 70
5 49 7 52
2 38 1 41
31 57 28 57
40 68 37 68
75 35 75 32
69 23 69 20
63 8 61 6
12 18 10 20
41 30 39 31
58 59 60 58
43 67 41 67
29 31 29 33
39 30 39 32
31 5 33 5
70 18 68 18
52 3 50 3
2 42 2 44
29 61 27 61
72 48 72 50
48 2 46 2
8 52 9 53
60 6 61 7
17 15 18 14
69 37 68 36
20 11 21 10
30 28 31 27
22 11 21 12
49 53 48 54
54 46 55 45
26 58 27 58
18 59 19 59
68 25 68 24
68 25 68 24
68 25 68 24
66 55 66 56
36 24 37 24
69 29 69 30
18 59 19 59
43 3 44 3
33 71 32 71
20 60 21 60
5 50 5 50
5 50 5 50
71 44 71 44
71 44 71 44
2 41 2 41
12 59 12 59
12 59 12 59
75 43 75 43
49 68 49 68
49 68 49 68
49 68 49 68
41 28 41 28
72 22 72 22
75 44 75 44
69 40 69 40
31 7 31 7
31 7 31 7
75 28 75 28
68 19 68 19
43 69 43 69
1 39 1 39
74 26 74 26
74 30 74 30
44 66 44 66
12 59 12 59
73 24 73 24
9 22 9 22
76 30 76 30
5 50 5 50
45 70 45 70
66 41 66 41
21 69 21 69
