77 77
90
32 2 12 12
10 15 2 31
5 53 13 65
73 29 67 17
46 2 33 2
65 14 55 6
54 71 64 64
34 75 45 73
3 30 1 41
45 74 54 70
59 67 66 61
2 47 2 39
42 44 45 37
75 41 73 34
32 74 25 72
73 47 71 54
17 68 12 63
32 42 38 45
37 31 43 34
70 54 67 60
38 44 44 42
36 74 30 73
3 49 3 43
66 16 62 12
20 70 16 66
31 38 33 33
48 4 53 5
43 3 48 3
24 72 20 69
11 14 15 11
66 60 63 63
44 74 40 75
74 42 73 46
33 42 31 39
9 18 11 15
43 35 44 38
73 30 73 33
73 40 73 43
74 35 74 32
53 6 55 7
4 50 5 52
37 32 35 33
31 3 33 3
7 58 8 59
58 69 57 70
41 44 40 45
68 57 67 58
34 33 35 32
56 69 57 68
28 74 29 74
2 33 2 32
39 75 38 75
39 75 38 75
39 75 38 75
1 35 1 36
75 39 75 38
74 44 74 45
75 36 75 37
71 51 71 51
25 4 25 4
33 35 33 35
6 20 6 20
72 28 72 28
23 5 23 5
26 73 26 73
5 22 5 22
45 40 45 40
6 54 6 54
52 72 52 72
27 3 27 3
32 37 32 37
17 8 17 8
29 4 29 4
21 6 21 6
1 37 1 37
27 72 27 72
66 15 66 15
66 15 66 15
31 40 31 40
67 59 67 59
41 32 41 32
39 31 39 31
10 60 10 60
33 74 33 74
6 56 6 56
61 67 61 67
60 9 60 9
38 1 38 1
37 44 37 44
73 49 73 49
