79 77
110
46 64 28 55
62 65 75 52
76 33 76 50
65 16 52 6
59 69 70 59
36 2 50 5
21 68 11 58
3 43 3 29
4 45 10 57
6 42 12 54
20 52 30 60
75 32 69 21
48 75 36 75
19 67 11 59
19 45 14 35
5 27 10 18
16 46 11 37
28 72 38 74
15 12 23 6
15 58 22 65
15 11 10 19
67 61 74 55
10 27 11 36
55 73 46 73
13 19 17 11
38 72 30 69
21 48 27 54
53 67 45 66
27 4 20 6
31 60 37 64
4 27 5 34
53 65 60 66
12 28 12 21
43 73 49 74
11 20 10 26
77 44 77 38
56 71 51 72
26 71 22 68
17 47 20 51
75 48 75 53
25 66 29 69
20 7 16 10
13 29 13 34
55 72 59 70
5 26 7 22
60 69 63 66
68 20 65 17
44 66 40 65
26 3 30 2
31 2 35 2
44 74 40 74
2 38 2 34
61 64 58 65
53 74 50 74
45 27 42 27
4 44 4 41
47 64 50 64
29 3 32 3
75 33 75 36
63 63 61 65
66 17 68 19
62 14 64 16
26 70 28 71
45 36 47 37
45 36 47 37
44 37 42 37
58 11 60 11
39 72 39 74
6 41 6 39
6 30 6 28
49 6 51 6
5 35 5 37
54 67 56 67
51 34 51 36
47 38 48 39
40 31 39 30
13 56 14 57
42 72 41 72
58 70 57 70
46 5 47 5
51 7 52 7
52 65 51 65
41 32 41 33
20 46 20 47
41 34 40 34
58 70 57 70
74 52 74 51
4 32 4 31
39 64 38 64
13 20 13 20
13 20 13 20
13 20 13 20
13 20 13 20
50 38 50 38
6 38 6 38
12 18 12 18
23 65 23 65
24 66 24 66
13 55 13 55
23 68 23 68
41 2 41 2
12 18 12 18
40 72 40 72
19 7 19 7
51 74 51 74
13 20 13 20
44 38 44 38
31 72 31 72
24 4 24 4
50 31 50 31
