77 79
123
32 76 12 66
45 2 63 11
65 65 72 51
55 68 67 58
7 60 18 71
13 11 26 5
8 56 2 44
47 76 59 70
57 65 45 71
44 76 56 71
73 37 73 50
72 24 74 36
7 59 15 67
3 27 1 38
25 4 35 2
58 70 65 64
8 16 4 24
29 71 37 70
25 69 33 69
34 72 42 72
17 65 24 67
12 12 8 18
33 38 40 37
11 59 16 64
62 11 67 16
2 43 2 36
35 41 42 41
40 77 46 74
68 17 71 23
23 5 17 8
72 52 67 56
39 77 33 75
9 58 13 62
5 53 6 58
72 50 72 45
43 69 48 69
22 68 27 68
36 34 41 34
14 61 18 64
41 2 36 2
11 58 8 55
59 64 62 61
7 58 10 61
64 60 67 57
4 47 3 43
4 53 3 49
70 52 71 48
42 2 46 3
40 42 36 42
42 70 38 70
19 71 22 73
33 76 36 77
33 76 36 77
36 33 39 32
64 66 62 68
64 12 66 14
64 66 62 68
27 5 29 4
41 38 43 39
41 77 43 76
32 34 32 32
42 38 42 40
2 28 2 30
20 65 20 67
15 11 15 9
74 39 74 37
9 57 7 57
66 62 65 63
67 17 68 18
8 54 7 53
13 12 12 13
10 64 11 65
37 30 38 29
4 25 3 26
45 37 44 38
31 74 32 75
44 39 45 38
73 32 73 33
73 32 73 33
73 32 73 33
38 76 39 76
28 70 29 70
71 51 71 52
30 74 29 74
41 33 40 33
3 42 3 41
38 36 37 36
33 39 33 40
1 33 1 34
32 3 33 3
43 71 43 71
44 71 44 71
44 71 44 71
54 5 54 5
7 19 7 19
45 75 45 75
40 30 40 30
54 68 54 68
43 3 43 3
6 21 6 21
70 58 70 58
25 72 25 72
6 51 6 51
30 2 30 2
27 75 27 75
23 73 23 73
32 37 32 37
52 69 52 69
35 30 35 30
25 74 25 74
63 61 63 61
45 34 45 34
35 37 35 37
35 37 35 37
21 67 21 67
5 49 5 49
41 75 41 75
43 31 43 31
73 26 73 26
27 73 27 73
72 27 72 27
8 17 8 17
34 40 34 40
