128 128
320
74 124 100 111
12 30 3 52
32 41 23 59
33 16 50 7
70 2 51 2
97 112 111 100
36 36 49 23
59 13 43 21
26 14 42 6
71 124 54 124
124 70 124 53
2 54 2 71
110 23 120 36
83 93 69 100
50 23 64 16
110 24 98 15
44 65 51 52
17 90 23 103
124 52 121 38
39 6 53 3
81 80 69 86
14 93 8 81
48 90 42 78
117 90 109 100
21 19 13 29
19 101 11 91
35 116 26 107
18 23 27 14
57 101 69 98
75 103 63 103
72 97 60 97
94 69 94 57
67 1 55 1
50 73 56 63
20 101 29 108
90 81 83 90
85 94 93 86
29 109 37 117
104 56 99 46
82 91 72 96
66 54 77 54
94 14 83 14
100 73 95 82
81 79 85 70
73 5 82 7
68 39 77 37
67 5 58 5
125 65 125 56
100 54 96 46
48 94 44 86
91 40 98 45
83 7 90 12
9 50 12 42
124 71 121 79
67 99 59 102
51 51 57 45
107 103 113 97
55 79 61 85
67 60 73 66
98 47 92 41
105 67 104 59
76 4 68 5
21 65 20 73
74 13 82 13
3 69 3 77
3 61 3 53
43 77 43 69
58 125 66 125
77 11 85 11
91 53 86 47
10 90 7 83
94 15 101 18
120 81 118 88
31 32 27 38
58 63 54 69
15 27 11 33
42 22 37 27
42 22 37 27
42 22 37 27
89 87 84 92
66 74 61 69
96 89 91 94
85 69 85 62
85 69 85 62
15 76 15 69
16 68 16 61
69 44 76 44
54 77 54 70
76 10 69 10
90 50 93 56
103 76 100 82
89 118 83 121
90 80 93 74
90 85 93 79
54 52 51 58
17 34 13 39
25 23 30 19
68 69 73 73
23 44 21 50
60 13 66 11
61 47 67 45
21 93 23 99
83 46 77 44
73 14 67 15
90 13 96 14
7 72 7 78
6 65 6 71
6 65 6 71
96 65 96 71
75 53 69 53
19 83 19 77
7 64 7 58
84 37 78 37
49 95 54 98
62 58 57 61
20 30 23 25
55 51 60 48
60 91 56 87
36 27 32 31
72 124 77 122
91 54 93 59
24 100 26 105
56 6 51 7
95 73 94 78
63 85 68 86
41 119 37 116
86 98 90 95
16 85 16 80
83 58 79 55
8 57 8 52
84 94 80 97
61 43 65 40
20 84 20 89
21 64 23 60
101 110 104 107
22 18 25 15
10 91 13 94
76 102 80 101
64 101 68 100
20 51 19 55
5 79 6 83
85 38 89 39
48 122 52 123
65 56 61 57
4 79 4 75
95 64 95 60
50 86 54 86
123 68 123 72
35 36 33 39
52 91 50 94
43 120 46 122
9 34 8 37
77 98 74 99
6 42 7 39
55 76 56 79
53 88 50 87
70 123 73 123
54 99 57 99
65 55 68 55
47 3 50 3
101 65 101 68
64 98 61 98
65 77 65 80
101 57 101 60
4 54 4 51
70 3 73 3
93 73 93 70
44 78 44 81
104 69 104 72
53 94 55 96
16 96 18 98
17 33 19 31
69 73 67 74
77 62 75 61
77 62 75 61
83 99 85 98
18 58 17 60
49 65 47 64
62 71 60 72
64 71 64 73
70 60 72 60
71 96 71 98
85 9 87 9
63 76 63 78
123 78 123 76
21 92 21 90
53 123 55 123
20 74 20 76
45 4 43 4
69 65 69 67
102 64 102 62
79 71 79 69
62 69 60 69
88 12 86 12
15 79 15 77
78 55 76 55
42 73 42 75
121 82 121 80
17 87 17 89
63 67 63 69
61 75 61 77
57 82 58 83
84 60 83 59
12 41 13 40
48 67 49 68
49 73 48 74
64 65 63 64
31 18 32 17
88 48 89 49
113 96 114 95
73 60 72 59
18 21 17 22
47 71 48 70
85 47 84 46
97 87 98 86
58 62 59 61
25 41 24 42
84 60 83 59
95 83 94 84
60 43 59 44
70 99 69 99
70 99 69 99
79 63 79 64
26 39 26 40
83 8 82 8
83 8 82 8
83 8 82 8
51 60 51 59
53 65 53 66
55 87 54 87
68 11 67 11
117 88 117 89
42 77 42 76
5 44 5 45
66 16 65 16
72 68 72 69
8 79 8 80
78 5 77 5
93 15 92 15
44 70 44 71
120 37 120 38
3 49 3 50
100 69 100 70
56 94 56 93
70 64 70 65
79 63 79 64
95 16 96 16
18 56 18 57
1 63 1 64
70 99 69 99
68 63 67 63
54 91 54 91
75 69 75 69
81 122 81 122
70 80 70 80
95 72 95 72
65 61 65 61
70 59 70 59
91 117 91 117
75 63 75 63
78 74 78 74
96 88 96 88
24 43 24 43
80 68 80 68
80 68 80 68
70 76 70 76
120 84 120 84
120 84 120 84
120 84 120 84
46 5 46 5
118 86 118 86
116 90 116 90
81 6 81 6
44 67 44 67
55 69 55 69
52 98 52 98
105 68 105 68
9 51 9 51
61 84 61 84
44 75 44 75
99 84 99 84
73 59 73 59
56 91 56 91
60 94 60 94
99 111 99 111
93 85 93 85
17 86 17 86
79 5 79 5
72 79 72 79
60 58 60 58
72 75 72 75
47 122 47 122
57 62 57 62
24 24 24 24
79 74 79 74
106 20 106 20
43 83 43 83
67 81 67 81
61 66 61 66
65 62 65 62
65 62 65 62
91 41 91 41
9 89 9 89
57 6 57 6
47 69 47 69
75 65 75 65
91 12 91 12
59 91 59 91
8 87 8 87
115 30 115 30
42 119 42 119
68 45 68 45
43 6 43 6
75 63 75 63
55 68 55 68
46 121 46 121
66 70 66 70
95 72 95 72
89 13 89 13
60 96 60 96
