123 127
383
12 29 2 70
96 24 78 15
39 120 21 111
31 11 49 3
104 19 88 8
34 24 18 35
61 101 44 93
84 121 100 113
111 101 119 85
39 93 53 100
11 100 22 111
106 35 94 26
18 32 9 44
70 18 55 18
35 24 49 19
33 14 46 8
4 84 10 97
5 53 8 39
52 124 38 121
13 29 21 18
115 38 109 26
95 16 83 10
83 56 89 68
97 78 97 65
55 2 68 2
29 85 37 95
13 42 7 53
34 89 29 78
105 24 112 33
40 48 32 56
18 106 10 98
75 123 64 125
2 71 4 82
52 96 62 100
85 120 75 124
15 27 11 37
77 51 67 47
110 102 103 110
87 85 80 93
61 105 51 103
90 73 88 83
116 39 118 49
66 3 76 3
33 66 33 76
68 56 58 56
38 19 47 15
39 97 47 102
22 17 30 12
22 21 16 28
80 5 88 9
118 52 113 45
96 80 93 88
69 98 77 95
122 75 119 83
92 25 84 22
47 64 53 58
36 8 29 12
58 3 50 3
79 66 79 74
120 58 120 66
80 45 86 50
79 75 76 82
27 69 29 76
80 101 73 103
102 18 107 23
62 98 69 99
71 100 64 101
58 14 51 14
66 7 73 7
66 14 73 14
45 74 45 67
78 19 71 19
41 66 44 60
49 97 55 100
44 84 38 81
103 21 108 25
105 30 109 35
91 87 87 92
87 83 83 88
52 60 57 56
120 77 122 71
27 72 29 66
52 123 58 125
60 46 66 47
57 124 63 125
60 124 66 124
58 7 52 7
65 69 65 75
121 69 121 63
65 6 59 6
59 13 65 13
44 82 39 79
104 110 99 113
36 85 39 90
96 17 101 20
46 50 51 47
105 107 101 111
71 86 75 82
77 44 72 42
96 64 94 59
63 100 68 98
62 99 57 97
59 41 54 42
95 81 96 76
120 67 121 72
63 72 58 71
3 72 3 67
99 112 95 115
34 77 34 82
28 24 32 21
76 96 72 98
78 95 80 91
35 87 37 91
51 84 55 86
22 29 25 26
20 21 17 24
75 62 78 65
47 80 50 83
46 75 47 79
44 58 43 54
77 8 81 9
69 58 73 59
59 46 55 47
117 46 118 50
28 67 29 63
61 88 65 88
78 4 74 4
66 57 70 57
28 79 28 83
116 46 116 50
50 19 54 19
64 41 68 41
112 39 114 42
67 73 69 70
91 91 89 94
48 64 46 67
43 53 45 50
102 28 99 26
48 4 45 6
85 93 82 95
31 59 29 62
76 99 73 100
76 99 73 100
45 95 48 96
52 69 51 72
115 45 116 42
119 56 118 53
90 72 89 69
59 75 60 72
117 52 118 55
73 72 73 69
64 105 67 105
59 65 59 62
60 75 63 75
74 15 77 15
66 87 69 87
3 81 3 78
81 91 83 89
25 19 23 21
49 61 51 59
107 37 109 39
19 31 21 29
70 65 68 63
15 39 17 37
80 53 82 55
74 60 76 62
93 57 91 55
109 40 111 42
28 17 30 15
43 46 41 48
89 52 91 54
22 18 20 20
25 16 23 17
44 85 45 87
76 94 78 93
93 85 94 83
35 61 33 60
57 68 58 70
66 67 65 65
32 65 31 63
58 74 59 72
90 10 92 10
90 10 92 10
71 68 71 70
72 75 72 77
112 43 114 43
2 73 2 75
60 69 62 69
119 59 119 57
80 72 80 70
87 82 87 84
78 64 78 66
74 124 72 124
27 77 27 75
34 20 36 20
71 42 69 42
51 123 49 123
4 63 4 65
59 87 57 87
48 102 50 102
50 15 48 15
59 57 57 57
64 65 62 65
74 8 76 8
50 8 48 8
71 68 71 70
47 44 49 44
67 67 67 69
120 82 120 84
49 4 51 4
20 110 19 109
20 110 19 109
78 44 79 45
82 21 83 22
108 26 109 27
110 103 109 104
112 38 111 37
112 38 111 37
39 57 40 58
88 95 87 96
31 15 32 14
23 111 24 112
84 98 85 97
79 53 78 52
26 26 27 25
32 82 33 83
69 125 68 125
8 47 8 48
42 121 41 121
81 21 80 21
83 99 82 99
65 62 65 63
26 18 27 18
71 67 72 67
44 45 45 45
65 97 66 97
37 63 37 62
97 25 98 25
9 36 9 37
10 39 10 40
4 57 4 56
14 41 14 40
51 75 52 75
68 104 69 104
104 29 103 29
115 39 115 40
34 86 34 87
3 61 3 60
47 124 46 124
5 85 5 84
80 96 81 96
37 79 38 79
37 67 38 67
50 43 51 43
77 98 78 98
28 74 28 75
28 74 28 75
28 74 28 75
28 74 28 75
78 20 79 20
39 63 39 63
87 119 87 119
71 104 71 104
122 74 122 74
122 74 122 74
30 79 30 79
39 61 39 61
39 61 39 61
39 61 39 61
79 5 79 5
79 5 79 5
29 77 29 77
37 84 37 84
59 82 59 82
38 7 38 7
38 7 38 7
70 79 70 79
39 67 39 67
54 99 54 99
32 118 32 118
44 88 44 88
55 79 55 79
62 82 62 82
6 44 6 44
39 88 39 88
63 99 63 99
54 65 54 65
32 83 32 83
56 70 56 70
95 12 95 12
40 66 40 66
53 70 53 70
26 113 26 113
26 113 26 113
121 80 121 80
4 55 4 55
52 77 52 77
28 64 28 64
41 87 41 87
51 69 51 69
99 16 99 16
60 81 60 81
65 78 65 78
44 92 44 92
58 67 58 67
29 84 29 84
68 64 68 64
57 81 57 81
81 6 81 6
111 100 111 100
49 63 49 63
62 62 62 62
36 90 36 90
70 104 70 104
53 67 53 67
56 76 56 76
9 45 9 45
81 100 81 100
67 77 67 77
44 90 44 90
36 120 36 120
110 36 110 36
74 95 74 95
40 6 40 6
27 78 27 78
68 80 68 80
53 42 53 42
122 70 122 70
70 86 70 86
35 89 35 89
89 76 89 76
45 85 45 85
14 28 14 28
65 81 65 81
82 10 82 10
70 74 70 74
76 123 76 123
3 59 3 59
114 37 114 37
50 97 50 97
33 81 33 81
72 96 72 96
89 120 89 120
54 47 54 47
93 116 93 116
61 98 61 98
51 8 51 8
56 100 56 100
105 109 105 109
34 58 34 58
79 97 79 97
60 88 60 88
6 55 6 55
27 13 27 13
112 44 112 44
94 11 94 11
88 80 88 80
67 70 67 70
33 21 33 21
41 89 41 89
39 85 39 85
70 79 70 79
14 26 14 26
119 84 119 84
38 86 38 86
37 81 37 81
45 122 45 122
42 7 42 7
52 98 52 98
40 62 40 62
91 119 91 119
12 32 12 32
54 72 54 72
62 78 62 78
58 77 58 77
53 124 53 124
98 14 98 14
71 104 71 104
68 81 68 81
73 75 73 75
62 63 62 63
39 63 39 63
57 63 57 63
