128 128
364
124 55 124 82
4 77 16 101
113 32 95 14
77 29 93 42
12 34 3 52
41 100 27 86
98 16 111 29
2 55 2 73
49 3 33 11
77 5 93 13
39 119 25 111
7 52 7 68
51 2 67 2
9 44 16 30
21 97 32 108
36 110 49 118
72 86 59 79
120 43 123 57
94 44 100 56
93 112 105 106
67 36 79 42
53 100 65 106
41 120 53 125
16 100 24 110
63 36 51 39
119 42 112 32
96 68 94 56
21 26 16 37
59 75 54 64
58 70 67 78
94 114 84 120
23 22 16 31
80 42 88 50
65 3 76 5
57 109 47 104
48 66 43 56
118 93 123 83
57 69 53 59
46 33 54 27
85 61 85 71
15 42 15 52
32 12 25 19
39 89 46 96
34 11 27 18
39 88 32 81
98 41 91 34
84 119 76 124
102 107 110 102
92 80 86 87
68 79 77 79
19 38 19 47
81 110 90 110
69 78 78 78
3 76 3 67
85 114 76 114
88 86 96 82
24 66 28 74
21 76 26 83
94 64 91 56
76 123 68 126
68 113 60 110
9 72 11 80
63 126 55 124
91 115 98 111
66 122 74 122
16 61 16 53
93 80 93 72
72 109 80 109
89 49 93 55
100 78 104 72
80 40 86 44
65 121 58 121
85 120 79 123
114 98 109 102
56 29 62 27
61 124 67 126
19 70 17 64
56 125 50 123
71 29 65 28
81 120 75 121
55 26 61 27
54 56 55 62
61 34 67 34
20 54 20 48
63 47 69 47
42 49 42 43
75 113 69 113
71 70 65 70
102 48 99 43
29 75 32 80
14 86 11 81
67 72 64 67
28 18 23 21
24 22 21 27
76 25 81 27
46 5 51 3
72 36 77 38
55 56 57 51
49 32 45 35
105 65 105 60
83 28 87 31
8 46 8 51
102 63 102 68
65 53 70 53
91 113 86 113
58 36 53 36
126 70 126 65
60 35 55 35
125 71 125 76
125 64 125 59
95 71 95 76
70 47 74 49
58 50 62 48
19 71 21 75
90 40 93 43
56 77 53 74
36 10 33 13
66 125 70 124
21 32 20 36
71 28 67 27
123 80 122 84
57 25 61 24
80 87 76 86
50 69 54 69
52 3 56 3
94 69 94 65
54 119 57 121
49 97 52 99
81 55 79 52
116 94 114 97
69 108 66 106
49 54 52 52
118 92 116 95
73 66 70 68
61 65 63 62
53 29 56 27
80 77 82 74
22 28 21 31
51 31 54 30
80 7 77 6
66 36 63 37
52 39 51 42
6 84 7 87
76 31 79 32
65 37 68 37
104 66 104 69
71 23 68 23
22 57 22 60
101 69 101 72
53 50 53 47
77 30 74 30
101 62 101 59
16 41 16 38
102 106 100 108
90 53 88 51
86 45 88 47
61 56 63 54
19 93 17 91
51 71 53 73
29 14 27 16
3 53 4 51
3 53 4 51
46 103 44 102
73 72 75 73
100 75 99 77
45 47 44 45
48 54 46 55
9 90 8 88
79 70 77 71
66 64 68 65
23 63 24 65
8 69 9 71
68 61 66 60
33 108 35 109
3 53 4 51
97 80 99 79
68 60 70 61
94 78 92 78
85 87 83 87
85 87 83 87
84 58 84 60
53 39 53 37
21 105 21 107
43 40 43 42
43 40 43 42
58 124 60 124
118 41 118 39
1 59 1 61
62 58 60 58
48 49 50 49
72 3 70 3
43 45 43 47
69 35 71 35
3 56 3 54
104 59 104 57
73 24 75 24
102 49 102 51
94 78 92 78
62 28 64 28
91 109 93 109
88 31 89 32
118 42 119 43
106 104 107 103
80 76 79 77
58 109 59 110
58 109 59 110
45 36 44 37
77 123 78 122
48 97 47 96
26 21 25 22
71 63 70 62
71 63 70 62
82 43 83 44
82 43 83 44
19 94 20 95
63 76 62 75
27 85 26 84
83 74 84 73
112 99 113 98
60 74 59 73
98 109 99 108
66 78 65 77
26 111 25 110
16 89 17 90
24 24 25 23
74 28 75 29
43 101 42 100
82 55 83 56
18 103 17 102
106 104 107 103
94 14 95 15
47 47 46 46
76 50 77 51
88 31 89 32
67 62 66 63
75 55 75 56
43 51 43 50
103 52 103 53
15 88 15 87
70 72 70 73
53 119 52 119
70 108 71 108
44 49 44 48
49 68 49 67
79 67 79 68
96 109 95 109
47 44 46 44
23 62 23 61
63 23 64 23
120 46 120 47
74 5 73 5
67 77 68 77
75 86 74 86
79 60 78 60
94 70 94 71
21 56 21 55
21 56 21 55
73 28 72 28
123 59 123 58
123 78 123 79
98 108 97 108
43 53 43 52
84 72 84 71
81 33 80 33
96 70 96 69
17 62 17 63
80 65 80 65
38 7 38 7
38 7 38 7
38 7 38 7
44 53 44 53
44 53 44 53
87 119 87 119
72 68 72 68
40 120 40 120
54 55 54 55
54 39 54 39
48 122 48 122
49 45 49 45
70 58 70 58
85 36 85 36
63 66 63 66
69 4 69 4
59 50 59 50
36 8 36 8
55 29 55 29
19 28 19 28
89 118 89 118
10 92 10 92
92 79 92 79
24 109 24 109
73 54 73 54
96 113 96 113
52 51 52 51
72 59 72 59
59 29 59 29
75 69 75 69
75 69 75 69
73 125 73 125
42 121 42 121
76 29 76 29
5 78 5 78
6 43 6 43
89 48 89 48
53 72 53 72
75 124 75 124
56 71 56 71
92 13 92 13
64 60 64 60
49 50 49 50
23 26 23 26
36 118 36 118
72 73 72 73
75 50 75 50
104 105 104 105
59 78 59 78
104 56 104 56
117 40 117 40
121 86 121 86
66 56 66 56
98 42 98 42
14 35 14 35
77 57 77 57
115 37 115 37
119 90 119 90
93 54 93 54
66 27 66 27
78 39 78 39
5 82 5 82
92 112 92 112
69 69 69 69
64 63 64 63
68 66 68 66
15 33 15 33
20 37 20 37
9 45 9 45
61 55 61 55
68 35 68 35
91 55 91 55
98 49 98 49
38 119 38 119
69 4 69 4
55 70 55 70
73 53 73 53
51 118 51 118
50 118 50 118
75 72 75 72
72 24 72 24
111 101 111 101
48 122 48 122
70 52 70 52
64 57 64 57
13 33 13 33
115 35 115 35
75 63 75 63
75 65 75 65
60 37 60 37
38 7 38 7
121 50 121 50
60 60 60 60
4 47 4 47
38 7 38 7
101 70 101 70
52 45 52 45
