123 123
320
26 14 48 3
3 73 3 49
78 119 98 109
39 88 58 97
4 46 13 28
33 56 33 74
18 102 32 113
13 27 25 15
62 121 46 118
67 94 81 87
98 14 109 25
48 4 63 1
63 121 77 118
92 81 82 91
60 97 48 91
30 47 27 60
110 27 117 38
121 50 121 63
60 28 48 30
28 69 28 57
74 31 85 34
16 23 24 15
60 48 50 53
84 48 89 58
4 77 4 66
77 3 66 3
120 48 116 38
44 34 35 39
58 35 68 37
97 109 105 103
88 38 94 46
74 52 65 48
85 115 76 119
120 58 120 49
32 112 40 116
73 95 81 91
66 82 74 78
59 82 51 78
68 36 76 40
45 69 49 77
86 8 94 11
30 49 29 57
2 65 2 57
50 37 44 42
31 77 28 70
96 53 93 46
41 56 34 58
73 29 80 31
41 74 45 80
116 83 120 77
109 96 105 102
36 85 32 79
98 107 104 103
108 25 104 19
71 27 64 26
71 28 64 27
120 71 120 64
122 65 122 58
121 73 121 66
64 2 71 2
45 68 45 61
4 50 4 57
56 65 59 71
76 55 79 61
65 97 71 95
9 89 7 83
64 28 58 26
88 76 89 70
90 68 90 62
85 80 82 85
52 38 57 35
39 35 44 32
19 102 15 98
27 14 23 18
18 23 14 27
47 91 43 87
6 43 4 48
46 33 51 31
58 3 53 2
54 30 59 29
115 86 114 91
49 119 44 118
119 77 119 72
86 38 82 35
81 44 77 41
60 82 65 82
79 4 74 4
59 120 64 120
14 96 11 92
97 108 93 111
65 94 61 96
67 62 63 60
57 26 53 28
18 100 15 97
36 50 39 47
33 42 36 39
117 83 116 87
5 77 6 81
35 77 39 77
34 70 34 74
96 69 96 65
79 66 79 70
67 29 71 29
96 58 96 54
27 63 27 67
47 57 49 54
113 92 110 94
60 95 57 94
41 116 44 117
86 80 87 77
78 71 77 74
95 73 96 70
63 70 60 71
86 7 83 6
37 73 40 74
95 74 94 77
29 68 29 71
61 48 64 48
70 120 73 120
44 50 44 53
97 63 97 66
97 57 97 60
119 50 119 47
29 110 27 108
77 75 75 77
95 13 93 11
95 12 97 14
88 84 90 82
33 43 35 41
105 101 103 103
105 101 103 103
105 101 103 103
111 95 109 97
47 38 45 40
59 54 60 56
80 64 79 62
49 29 51 28
80 5 82 6
53 67 51 68
49 3 51 4
31 53 32 55
53 96 53 94
120 76 120 74
43 43 43 45
5 74 5 76
55 119 57 119
46 59 46 61
67 64 67 66
61 2 63 2
65 76 65 74
62 74 62 76
5 49 5 47
89 59 89 61
69 65 71 65
69 65 71 65
62 56 62 54
66 119 68 119
90 81 91 80
90 81 91 80
69 59 70 58
98 15 99 16
23 105 24 106
23 105 24 106
87 38 88 39
39 53 40 52
102 17 103 18
86 88 85 89
80 87 81 86
90 42 91 43
82 45 83 46
72 71 71 70
15 96 14 95
53 60 54 61
47 40 46 41
44 89 45 90
62 29 61 28
66 62 67 63
85 35 86 36
60 75 59 76
111 29 110 28
58 57 57 56
69 59 70 58
39 83 38 82
67 68 68 67
57 63 58 62
10 90 11 91
53 71 52 71
53 71 52 71
53 71 52 71
53 71 52 71
53 71 52 71
53 71 52 71
53 71 52 71
53 71 52 71
34 78 34 79
34 56 34 57
53 120 52 120
82 32 81 32
80 66 80 67
62 71 63 71
45 31 46 31
36 80 37 80
118 79 118 78
73 28 74 28
52 62 51 62
113 90 113 91
70 96 71 96
61 36 60 36
58 27 59 27
67 28 66 28
63 35 64 35
53 36 54 36
29 59 29 58
53 71 52 71
50 38 51 38
31 47 31 46
40 79 40 79
45 50 45 50
84 7 84 7
53 27 53 27
108 99 108 99
39 115 39 115
44 47 44 47
37 54 37 54
73 62 73 62
91 9 91 9
95 48 95 48
41 80 41 80
70 57 70 57
65 37 65 37
110 95 110 95
65 54 65 54
89 113 89 113
19 19 19 19
51 95 51 95
57 74 57 74
120 45 120 45
30 73 30 73
68 66 68 66
65 55 65 55
114 34 114 34
87 114 87 114
67 73 67 73
64 97 64 97
68 74 68 74
68 56 68 56
44 83 44 83
67 57 67 57
119 80 119 80
119 43 119 43
82 90 82 90
43 91 43 91
47 32 47 32
39 84 39 84
94 75 94 75
46 58 46 58
46 58 46 58
34 48 34 48
7 82 7 82
7 82 7 82
7 82 7 82
7 82 7 82
7 82 7 82
113 30 113 30
114 88 114 88
47 93 47 93
59 60 59 60
42 55 42 55
37 46 37 46
117 39 117 39
43 86 43 86
35 8 35 8
73 68 73 68
76 56 76 56
43 54 43 54
47 30 47 30
38 81 38 81
38 81 38 81
53 30 53 30
55 28 55 28
10 31 10 31
31 111 31 111
45 79 45 79
38 38 38 38
42 117 42 117
34 52 34 52
68 75 68 75
58 73 58 73
114 32 114 32
57 75 57 75
116 84 116 84
90 10 90 10
37 50 37 50
47 30 47 30
49 94 49 94
55 73 55 73
31 10 31 10
41 50 41 50
70 70 70 70
47 56 47 56
65 56 65 56
60 1 60 1
65 70 65 70
89 69 89 69
83 34 83 34
68 55 68 55
65 28 65 28
115 89 115 89
9 33 9 33
7 82 7 82
72 59 72 59
60 70 60 70
55 95 55 95
7 82 7 82
57 64 57 64
6 79 6 79
67 36 67 36
46 58 46 58
78 41 78 41
60 61 60 61
