128 128
372
17 23 39 11
124 51 124 74
60 15 80 25
4 76 14 96
15 98 30 113
74 124 53 124
76 123 94 114
2 68 2 48
47 5 66 5
85 21 98 34
101 107 114 94
115 92 102 105
123 77 115 93
80 68 73 53
99 108 106 94
28 112 17 101
27 54 34 41
83 5 69 1
105 101 111 88
66 42 77 51
85 69 85 83
28 69 28 55
32 114 44 121
103 55 97 43
48 6 36 12
55 96 43 90
22 19 34 13
68 5 81 8
51 98 64 98
72 64 63 55
108 51 102 40
114 92 119 81
53 103 65 103
71 2 59 2
69 13 79 18
43 37 54 37
16 24 9 32
67 97 57 97
108 83 108 73
14 28 7 35
86 30 93 37
63 45 54 42
79 94 84 86
109 22 114 30
4 46 6 37
59 86 68 84
3 55 3 46
32 66 32 57
125 59 125 68
45 58 53 54
35 67 39 75
91 8 98 13
118 50 115 42
60 1 52 4
72 53 66 47
31 89 37 95
111 34 115 41
51 10 59 10
62 125 70 125
42 11 50 11
3 74 3 66
106 20 101 14
37 87 44 90
78 3 85 5
72 78 74 71
50 97 44 93
94 16 88 12
34 42 40 38
106 27 110 33
36 87 32 81
107 86 106 93
45 43 52 42
37 84 42 89
100 21 105 26
18 23 13 28
38 89 43 94
122 46 123 53
112 72 112 65
61 1 68 1
50 123 57 123
107 72 107 65
81 78 81 71
37 14 44 14
61 54 54 54
6 41 9 35
39 96 45 99
60 70 57 64
38 52 35 46
43 88 48 92
42 87 38 82
66 96 72 94
59 15 53 13
106 64 104 58
112 81 111 87
37 80 36 86
27 67 27 73
45 13 51 13
113 79 113 73
40 55 34 55
53 53 59 53
120 72 120 78
26 66 26 60
121 65 121 71
120 58 120 64
56 100 62 100
115 31 118 36
95 113 98 108
70 101 75 98
81 26 85 30
97 11 101 15
7 36 11 32
99 21 95 17
42 92 46 96
87 11 82 9
44 53 45 48
43 72 42 67
111 59 111 64
55 65 55 70
45 77 48 81
76 89 79 85
25 52 28 48
123 71 123 76
119 57 119 52
65 56 69 59
57 60 52 60
106 19 109 23
71 65 73 69
71 79 69 83
32 78 30 74
80 19 84 21
31 49 33 53
52 102 48 101
43 120 47 121
47 7 51 6
67 102 63 101
29 77 28 73
37 75 36 71
26 81 25 77
22 64 23 60
43 62 42 66
84 67 83 63
50 122 46 122
31 67 31 63
24 71 24 75
65 42 62 40
87 6 90 8
94 113 91 115
80 57 78 54
65 12 68 13
59 39 56 38
53 84 50 83
64 78 67 77
55 4 58 3
25 53 24 56
109 54 110 57
64 65 65 68
35 15 32 16
121 45 120 42
55 85 58 86
48 71 48 68
62 64 65 64
33 58 33 61
64 72 64 69
56 96 59 96
73 73 73 70
23 70 23 67
23 70 23 67
23 70 23 67
1 59 1 62
76 97 78 95
93 38 95 40
73 93 75 91
31 88 29 86
58 70 56 72
59 66 58 64
63 62 61 63
59 66 58 64
33 68 34 70
44 75 43 73
37 76 39 76
27 57 27 59
27 57 27 59
67 100 69 100
39 119 41 119
39 119 41 119
57 59 55 59
45 8 45 6
30 52 30 54
62 11 60 11
44 61 44 59
37 39 39 39
80 80 80 82
123 56 123 54
74 123 72 123
38 47 38 45
116 90 118 90
32 72 33 73
32 72 33 73
93 113 94 112
93 113 94 112
77 52 78 53
62 67 63 68
42 54 43 53
105 104 106 103
47 96 48 97
120 41 119 40
20 22 19 23
83 62 82 61
28 84 29 85
105 18 104 17
67 76 66 75
33 74 32 73
103 56 104 57
60 69 61 70
69 62 70 61
58 73 57 72
15 97 16 98
75 123 76 122
52 94 51 93
62 55 63 56
64 46 65 47
50 93 49 92
50 62 51 61
29 46 30 45
33 75 34 74
100 37 99 36
37 77 38 78
119 80 119 79
107 85 107 84
33 56 34 56
4 75 4 74
75 2 76 2
119 39 119 38
22 66 22 65
54 99 55 99
46 44 45 44
44 46 44 45
86 6 85 6
59 55 60 55
50 76 51 76
62 70 62 71
70 99 71 99
80 70 80 69
29 55 29 56
50 4 51 4
107 85 107 84
41 38 42 38
108 52 108 53
28 47 28 47
123 80 123 80
120 86 120 86
74 98 74 98
34 77 34 77
47 68 47 68
44 92 44 92
63 73 63 73
35 70 35 70
35 70 35 70
62 77 62 77
60 61 60 61
37 52 37 52
29 52 29 52
71 81 71 81
68 69 68 69
33 114 33 114
33 114 33 114
34 67 34 67
41 54 41 54
73 67 73 67
95 10 95 10
95 10 95 10
115 32 115 32
79 84 79 84
30 78 30 78
30 78 30 78
77 97 77 97
56 65 56 65
56 65 56 65
56 65 56 65
114 29 114 29
45 51 45 51
45 51 45 51
45 51 45 51
36 116 36 116
122 78 122 78
30 50 30 50
49 82 49 82
34 47 34 47
54 73 54 73
36 15 36 15
66 76 66 76
97 111 97 111
51 62 51 62
110 58 110 58
121 43 121 43
60 80 60 80
60 80 60 80
44 49 44 49
40 51 40 51
34 49 34 49
54 95 54 95
98 35 98 35
51 97 51 97
49 63 49 63
63 61 63 61
74 3 74 3
85 120 85 120
58 81 58 81
46 45 46 45
78 88 78 88
72 77 72 77
43 7 43 7
54 61 54 61
53 3 53 3
5 77 5 77
60 77 60 77
36 82 36 82
55 79 55 79
118 37 118 37
43 52 43 52
121 84 121 84
112 80 112 80
52 67 52 67
52 67 52 67
122 77 122 77
59 73 59 73
41 12 41 12
28 50 28 50
70 63 70 63
54 73 54 73
52 97 52 97
38 86 38 86
78 96 78 96
37 88 37 88
80 79 80 79
66 66 66 66
29 48 29 48
33 57 33 57
100 38 100 38
61 74 61 74
81 122 81 122
114 29 114 29
40 46 40 46
67 69 67 69
40 12 40 12
56 65 56 65
66 101 66 101
14 95 14 95
60 60 60 60
30 78 30 78
98 109 98 109
58 62 58 62
7 81 7 81
67 72 67 72
30 71 30 71
53 71 53 71
49 64 49 64
36 50 36 50
31 78 31 78
34 76 34 76
122 82 122 82
71 81 71 81
80 83 80 83
49 74 49 74
47 42 47 42
31 113 31 113
58 80 58 80
25 76 25 76
40 48 40 48
35 42 35 42
38 117 38 117
52 65 52 65
