128 128
385
93 117 111 102
20 24 38 10
122 80 113 98
120 66 116 83
57 27 42 35
122 47 125 63
46 43 60 36
90 8 101 19
87 99 98 88
124 60 124 75
102 109 113 99
51 25 39 32
118 43 112 31
56 79 68 73
50 5 38 11
35 114 47 120
61 36 74 39
108 95 115 84
49 32 61 27
73 75 81 65
2 72 4 84
64 2 76 2
58 108 69 104
122 46 116 36
16 32 9 41
23 22 16 31
95 81 87 89
65 124 76 124
45 121 36 116
1 70 3 60
4 51 2 61
74 63 72 53
80 58 78 68
19 25 13 33
84 5 92 11
101 20 105 29
32 63 36 54
99 87 104 79
101 18 106 26
36 41 31 49
74 100 82 95
32 50 30 59
8 92 14 99
38 110 47 110
112 61 112 52
26 71 26 62
43 114 52 114
56 48 48 52
71 109 79 105
81 122 89 119
12 96 18 102
100 17 94 11
8 42 6 50
47 33 40 37
59 122 67 121
50 123 58 122
121 57 120 65
103 67 99 74
65 47 57 47
56 109 48 109
15 100 21 105
71 29 78 32
41 52 44 45
78 118 71 121
109 67 107 74
73 63 71 70
24 53 26 46
90 111 96 107
55 68 61 72
32 67 38 71
83 116 89 112
46 39 52 35
84 38 80 32
32 38 37 33
60 125 67 126
102 102 107 97
111 30 106 25
42 70 42 63
113 44 113 51
72 3 79 3
108 39 108 46
69 79 63 82
56 86 62 83
46 55 43 61
79 31 73 28
53 79 47 76
113 97 109 102
48 41 53 37
30 50 28 56
66 35 72 37
105 60 103 66
63 2 57 4
5 83 7 89
61 126 55 124
60 113 66 111
68 24 62 23
53 24 59 23
123 73 122 79
107 53 106 59
68 125 74 125
53 113 59 113
66 28 60 28
65 27 71 27
28 61 28 67
81 51 81 57
22 66 22 60
95 80 98 75
43 70 46 75
32 113 29 108
87 90 83 94
71 52 67 48
100 113 104 109
101 102 97 106
47 7 52 5
63 68 65 63
58 3 53 5
51 4 56 3
32 109 37 109
58 34 63 34
13 34 10 38
107 47 107 52
112 32 108 29
73 101 69 103
93 116 89 118
34 115 32 111
60 65 58 69
38 85 34 83
40 54 44 52
57 62 54 65
75 40 78 43
80 122 76 123
34 60 33 64
71 68 72 64
59 61 63 60
44 87 40 86
84 40 85 44
2 79 3 75
111 62 110 66
57 78 53 78
35 80 35 84
38 113 42 113
23 71 23 67
37 81 37 85
4 54 4 58
85 45 85 49
26 76 24 73
27 74 29 77
27 74 29 77
80 47 78 44
30 74 27 72
33 83 30 81
29 42 27 45
82 116 79 118
81 64 83 61
56 37 53 38
66 56 65 53
26 107 23 106
69 72 70 69
34 112 37 113
105 78 106 75
78 4 81 5
70 25 73 26
64 35 67 36
107 38 107 35
85 53 85 50
51 86 54 86
110 35 110 32
106 31 106 34
41 46 38 46
67 29 70 29
121 53 121 56
119 48 119 45
50 121 53 121
23 59 23 56
47 87 50 87
111 39 111 36
27 108 29 110
32 73 34 75
74 40 76 42
27 17 25 19
66 58 68 60
34 73 32 71
37 40 39 38
27 71 29 69
22 105 20 103
30 77 28 79
72 76 70 78
84 6 82 5
30 78 29 80
47 122 49 123
48 68 49 70
80 33 81 35
26 108 28 108
55 67 57 67
55 67 57 67
54 37 54 35
39 74 39 76
54 124 52 124
33 13 35 13
32 64 32 66
57 35 55 35
80 48 80 50
83 58 83 60
27 59 27 61
37 73 39 73
37 86 39 86
70 121 68 121
40 44 38 44
5 50 5 52
2 71 2 69
112 41 112 43
53 71 53 73
73 62 73 60
86 7 88 7
37 54 35 54
68 110 67 111
48 53 47 54
19 26 20 25
81 104 82 103
67 58 68 57
7 90 8 91
30 40 29 41
32 76 33 75
76 28 75 27
98 114 99 113
70 109 69 110
87 119 88 120
50 57 51 58
107 27 108 28
65 62 64 63
44 51 45 50
29 16 30 15
67 72 68 71
19 26 20 25
45 41 44 42
67 75 66 76
84 101 83 102
68 110 67 111
85 101 86 100
6 47 6 46
29 57 29 56
2 63 2 62
31 108 30 108
125 65 125 64
37 72 38 72
57 52 57 53
58 72 58 73
121 81 121 80
84 56 84 57
62 3 63 3
48 65 47 65
35 49 36 49
120 49 120 50
54 79 55 79
63 77 64 77
29 61 29 60
29 61 29 60
1 66 1 67
81 4 80 4
30 54 30 55
55 66 56 66
38 53 39 53
38 55 39 55
61 37 60 37
62 52 62 52
62 52 62 52
37 75 37 75
37 75 37 75
37 75 37 75
35 47 35 47
37 71 37 71
37 71 37 71
72 39 72 39
72 39 72 39
43 36 43 36
43 36 43 36
33 77 33 77
5 49 5 49
5 49 5 49
5 49 5 49
5 49 5 49
64 60 64 60
62 63 62 63
62 63 62 63
119 89 119 89
45 40 45 40
74 58 74 58
48 120 48 120
120 52 120 52
49 120 49 120
61 62 61 62
73 29 73 29
67 60 67 60
52 78 52 78
120 83 120 83
65 68 65 68
65 68 65 68
31 52 31 52
46 122 46 122
31 81 31 81
31 81 31 81
31 81 31 81
38 50 38 50
77 31 77 31
58 60 58 60
61 78 61 78
40 52 40 52
64 61 64 61
48 40 48 40
58 29 58 29
12 36 12 36
32 75 32 75
32 75 32 75
85 120 85 120
62 67 62 67
67 73 67 73
39 49 39 49
44 121 44 121
44 121 44 121
83 5 83 5
85 7 85 7
54 61 54 61
66 65 66 65
32 78 32 78
124 54 124 54
118 91 118 91
56 70 56 70
79 123 79 123
36 56 36 56
48 40 48 40
41 37 41 37
47 41 47 41
54 72 54 72
75 30 75 30
31 48 31 48
40 49 40 49
37 74 37 74
33 53 33 53
30 72 30 72
43 62 43 62
56 125 56 125
94 115 94 115
82 121 82 121
9 42 9 42
64 57 64 57
62 56 62 56
109 31 109 31
105 23 105 23
58 124 58 124
32 46 32 46
60 57 60 57
52 55 52 55
62 70 62 70
16 30 16 30
38 86 38 86
121 85 121 85
59 79 59 79
45 40 45 40
62 64 62 64
66 48 66 48
86 121 86 121
62 63 62 63
120 51 120 51
38 79 38 79
58 58 58 58
5 49 5 49
4 81 4 81
118 44 118 44
64 54 64 54
71 51 71 51
112 40 112 40
67 65 67 65
5 86 5 86
24 72 24 72
61 69 61 69
37 51 37 51
61 29 61 29
37 75 37 75
36 77 36 77
62 53 62 53
50 72 50 72
37 75 37 75
114 95 114 95
51 71 51 71
46 44 46 44
