123 127
405
5 70 12 98
118 82 106 106
76 3 54 3
3 46 3 68
71 86 85 79
95 106 107 96
48 124 34 118
70 110 55 110
13 99 22 110
78 41 88 51
51 28 65 28
118 39 112 27
67 35 79 41
120 44 122 57
97 63 97 50
65 37 53 35
56 2 68 2
25 98 15 92
89 39 96 48
15 23 23 15
95 112 85 117
119 72 114 82
4 48 6 37
58 78 69 78
28 53 28 64
49 124 60 124
35 108 45 112
11 27 19 20
15 99 22 107
73 28 82 33
107 102 102 111
13 86 8 77
34 54 32 64
62 36 72 38
66 125 76 123
56 37 46 39
25 112 33 118
106 20 112 28
27 14 35 8
33 41 40 34
40 30 33 37
85 110 94 106
100 15 92 10
90 39 82 34
67 47 58 47
4 72 4 63
121 53 121 62
76 26 84 30
84 120 76 124
51 75 59 79
77 109 85 106
86 74 89 66
36 116 44 119
86 47 80 41
101 16 107 22
36 8 44 6
115 84 111 91
68 67 64 60
78 120 70 121
70 4 78 4
2 60 2 52
23 16 29 11
109 89 104 95
99 111 94 117
73 30 80 33
44 76 41 69
37 55 44 52
93 40 96 47
45 59 49 53
103 107 97 111
28 105 23 100
31 44 36 39
31 71 36 76
88 34 93 39
86 75 81 80
19 106 24 111
79 57 80 64
57 34 64 34
73 114 66 114
45 60 45 67
60 79 67 79
54 109 47 109
58 114 51 114
28 46 31 40
49 74 46 68
18 95 15 89
86 50 89 56
78 56 74 51
92 72 88 77
27 99 32 103
45 39 50 35
69 77 75 75
42 5 48 3
29 56 31 50
48 40 54 38
118 79 116 85
121 63 119 69
85 7 79 5
46 108 40 106
59 60 60 66
49 3 55 4
59 122 65 122
52 121 58 121
67 125 73 125
65 126 59 126
59 70 65 70
59 115 65 115
120 58 120 64
58 125 52 125
30 113 35 116
84 121 89 118
43 32 39 36
52 50 57 48
96 64 94 69
55 24 50 26
91 9 86 7
84 110 79 112
13 98 12 93
90 62 89 57
98 99 102 96
94 115 90 118
76 109 71 109
119 41 119 46
7 81 7 86
51 120 46 120
57 29 52 29
47 123 52 123
29 65 31 69
116 82 112 84
83 118 79 120
46 31 50 29
79 67 77 71
102 16 105 19
41 80 44 83
26 110 23 107
11 29 14 26
107 95 110 92
98 113 101 110
54 86 58 87
35 104 39 105
91 104 87 105
29 51 28 47
8 86 9 90
48 31 52 30
44 45 45 49
9 33 10 29
7 37 8 33
69 65 73 65
5 77 5 73
57 63 57 67
50 113 46 113
68 87 64 87
118 78 116 81
41 35 44 33
73 75 76 73
45 50 42 52
111 99 113 96
10 85 12 88
71 49 68 48
48 84 51 85
46 27 43 28
62 65 65 66
44 41 47 40
62 63 65 64
65 60 62 60
67 27 64 27
96 52 96 49
39 47 39 44
58 23 61 23
27 50 27 53
31 107 34 107
58 27 61 27
67 23 64 23
57 37 60 37
37 49 40 49
109 88 111 86
29 112 27 110
21 99 19 97
68 71 70 69
17 103 15 101
51 50 49 52
38 78 40 80
98 114 100 112
52 66 53 68
73 25 75 26
13 89 14 87
45 83 47 84
45 6 47 5
44 79 44 77
33 55 33 53
4 43 4 41
51 60 51 62
104 109 102 109
104 109 102 109
37 68 39 68
68 24 70 24
120 68 120 70
6 78 6 80
51 65 53 65
120 51 120 49
49 26 47 26
66 121 68 121
6 81 6 83
89 53 87 53
63 125 61 125
33 55 33 53
71 28 69 28
27 57 27 59
37 50 39 50
30 106 29 105
52 75 51 74
72 77 71 76
46 41 45 40
46 41 45 40
77 41 76 40
41 47 40 46
40 73 39 72
36 46 37 45
27 113 26 112
14 91 13 90
19 18 20 17
36 75 35 74
12 27 11 28
32 11 31 10
87 49 86 48
44 32 45 31
55 69 54 70
96 101 97 100
68 28 69 29
30 106 29 105
94 102 95 101
41 30 42 29
90 58 90 59
74 39 73 39
32 52 32 53
75 113 74 113
70 56 70 55
33 66 33 65
91 118 92 118
64 124 65 124
49 4 50 4
57 71 57 72
72 50 73 50
65 52 65 53
30 48 30 47
35 73 35 72
77 113 76 113
38 47 38 48
90 63 90 64
119 70 119 71
72 67 72 68
46 32 47 32
79 65 79 66
92 103 93 103
53 57 53 58
34 46 34 47
56 24 57 24
51 4 52 4
51 4 52 4
37 7 38 7
60 87 59 87
40 6 41 6
114 93 114 94
114 93 114 94
75 124 74 124
4 49 4 50
37 54 38 54
58 68 58 69
108 101 108 100
37 7 38 7
70 86 69 86
59 72 59 73
65 35 66 35
67 29 66 29
84 34 83 34
56 77 56 77
56 77 56 77
56 77 56 77
56 77 56 77
56 77 56 77
56 77 56 77
14 98 14 98
14 98 14 98
14 98 14 98
40 53 40 53
56 65 56 65
56 65 56 65
58 65 58 65
37 73 37 73
118 40 118 40
27 56 27 56
68 53 68 53
68 53 68 53
68 53 68 53
57 54 57 54
59 53 59 53
34 57 34 57
34 57 34 57
93 117 93 117
122 58 122 58
116 89 116 89
116 89 116 89
80 83 80 83
9 91 9 91
87 8 87 8
114 32 114 32
33 61 33 61
33 69 33 69
86 78 86 78
37 72 37 72
52 68 52 68
39 78 39 78
39 78 39 78
109 99 109 99
110 101 110 101
90 41 90 41
46 58 46 58
49 39 49 39
29 53 29 53
41 75 41 75
29 52 29 52
31 45 31 45
65 73 65 73
34 104 34 104
30 46 30 46
54 61 54 61
105 107 105 107
99 15 99 15
69 121 69 121
77 123 77 123
81 6 81 6
62 53 62 53
78 84 78 84
49 73 49 73
59 52 59 52
34 49 34 49
67 68 67 68
120 48 120 48
36 77 36 77
68 72 68 72
113 30 113 30
88 55 88 55
113 30 113 30
33 103 33 103
65 57 65 57
37 44 37 44
18 96 18 96
78 68 78 68
43 80 43 80
117 87 117 87
30 115 30 115
66 62 66 62
86 106 86 106
84 7 84 7
66 61 66 61
106 105 106 105
118 73 118 73
39 78 39 78
25 15 25 15
58 58 58 58
89 119 89 119
103 95 103 95
29 48 29 48
67 58 67 58
60 57 60 57
96 111 96 111
32 59 32 59
78 55 78 55
77 70 77 70
33 10 33 10
14 97 14 97
51 37 51 37
87 120 87 120
45 122 45 122
115 91 115 91
73 60 73 60
71 24 71 24
34 57 34 57
31 49 31 49
62 56 62 56
52 60 52 60
40 69 40 69
23 111 23 111
75 53 75 53
109 23 109 23
71 63 71 63
62 73 62 73
117 75 117 75
79 122 79 122
56 65 56 65
40 77 40 77
11 91 11 91
72 57 72 57
40 53 40 53
22 100 22 100
73 62 73 62
85 31 85 31
56 77 56 77
48 71 48 71
115 34 115 34
85 35 85 35
68 54 68 54
67 63 67 63
65 72 65 72
84 117 84 117
