122 121
399
73 118 50 118
117 77 107 97
18 101 33 112
27 54 35 38
19 19 33 8
108 25 96 13
89 9 75 3
28 35 21 48
34 9 47 3
2 53 2 67
105 98 96 108
120 58 118 70
19 18 13 28
59 81 49 76
115 39 110 29
42 17 37 27
56 52 51 62
102 70 104 59
57 44 68 44
40 42 36 52
7 83 3 73
75 117 85 113
85 114 93 108
88 28 95 35
24 80 20 71
34 70 38 79
57 26 48 29
98 37 101 46
108 94 103 102
61 103 52 101
46 86 39 80
29 33 36 27
3 48 3 57
57 95 66 95
64 2 73 2
59 72 68 72
96 65 96 56
60 81 69 81
44 58 48 50
11 29 7 37
52 68 59 73
52 91 45 86
50 20 42 23
64 102 72 101
20 51 19 59
19 61 20 69
56 45 49 49
81 68 81 60
53 117 45 117
65 1 57 1
77 75 71 80
14 95 10 89
38 95 44 99
106 24 111 29
75 90 82 89
3 66 4 73
119 56 120 63
100 16 105 21
92 10 97 15
62 93 69 92
23 80 16 80
88 105 81 105
97 35 103 32
62 50 56 53
35 24 32 18
70 54 73 60
72 46 77 50
86 79 82 84
40 41 45 37
41 32 37 37
27 85 31 90
36 113 42 115
72 64 70 70
33 56 34 62
50 3 56 2
90 68 89 74
74 117 68 117
34 69 34 63
74 3 68 3
42 33 47 30
11 30 14 25
78 29 82 33
17 87 15 82
80 98 75 100
93 47 95 52
46 4 51 2
48 35 53 33
116 40 118 45
47 38 52 36
5 43 7 38
82 41 87 39
104 41 99 39
81 98 80 103
21 89 16 88
71 27 66 26
18 100 15 96
77 74 80 70
19 88 24 88
118 49 118 54
31 78 34 82
106 40 106 35
108 35 104 32
85 85 88 81
77 51 80 55
33 61 33 66
82 97 87 97
94 74 92 78
90 102 88 98
98 33 102 31
53 90 49 88
91 77 93 73
33 91 36 94
95 85 98 82
93 12 90 9
98 105 95 108
92 89 95 86
87 28 84 25
52 20 56 19
101 47 102 51
34 15 38 14
64 30 60 31
66 19 62 18
117 44 118 48
27 65 26 61
69 35 65 34
69 69 73 68
74 93 78 92
102 71 101 75
75 21 79 22
62 51 66 52
79 91 75 91
58 34 62 34
72 90 68 90
73 20 69 20
23 81 26 83
19 20 17 23
36 49 34 52
23 82 26 84
89 82 91 79
78 30 75 28
95 107 93 110
103 101 101 104
45 91 48 93
41 18 40 15
49 101 46 100
23 87 24 84
27 55 26 58
58 91 61 92
100 77 99 80
81 59 80 56
9 88 8 85
27 51 28 48
45 70 44 67
4 44 3 47
119 55 119 52
51 66 51 63
18 79 21 79
60 96 63 96
90 55 93 55
44 62 44 59
55 27 58 27
67 119 64 119
4 51 4 48
119 66 119 69
24 14 22 16
87 37 89 39
42 32 44 30
85 95 87 93
90 91 88 93
77 37 79 39
82 87 84 86
92 63 91 61
30 76 29 74
52 57 53 55
103 40 105 39
80 39 82 38
111 92 109 92
89 104 89 102
89 104 89 102
89 51 89 53
62 52 60 52
59 18 61 18
56 119 58 119
103 54 103 56
97 36 97 38
55 3 53 3
43 65 43 63
34 53 34 55
46 116 44 116
72 60 72 62
118 71 118 73
65 91 67 91
65 30 67 30
76 4 74 4
85 96 83 96
59 2 57 2
74 100 73 101
52 66 53 67
96 106 97 105
69 54 68 53
40 80 39 79
16 87 15 86
15 97 16 98
67 71 68 70
43 90 44 91
80 85 79 86
95 36 96 37
81 31 82 32
71 46 70 45
88 41 89 40
33 17 34 16
69 70 68 71
46 72 45 71
37 24 38 23
27 12 28 11
24 16 23 17
67 27 68 27
34 112 35 112
34 112 35 112
78 35 77 35
105 41 105 40
84 106 83 106
45 39 46 39
47 73 47 74
49 4 48 4
49 4 48 4
82 88 83 88
107 37 107 36
81 35 82 35
80 90 81 90
82 98 83 98
57 90 56 90
103 57 103 58
54 70 54 71
86 106 87 106
36 23 37 23
91 67 91 66
59 91 60 91
80 23 81 23
81 103 81 104
67 19 68 19
68 31 69 31
58 19 57 19
3 71 3 72
66 74 65 74
41 22 42 22
102 53 102 52
73 89 74 89
86 46 86 47
85 45 85 44
68 73 69 73
95 62 95 63
117 74 117 75
88 40 88 39
73 36 74 36
42 6 42 6
37 94 37 94
70 56 70 56
78 39 78 39
78 39 78 39
26 56 26 56
26 56 26 56
32 91 32 91
74 28 74 28
116 42 116 42
116 42 116 42
116 42 116 42
116 42 116 42
78 5 78 5
89 42 89 42
89 42 89 42
69 52 69 52
48 75 48 75
92 110 92 110
32 41 32 41
39 43 39 43
39 43 39 43
75 39 75 39
75 39 75 39
78 89 78 89
78 89 78 89
45 99 45 99
45 99 45 99
45 99 45 99
81 85 81 85
81 85 81 85
94 58 94 58
7 84 7 84
56 73 56 73
80 34 80 34
36 37 36 37
52 65 52 65
33 22 33 22
33 22 33 22
84 107 84 107
73 56 73 56
85 34 85 34
70 71 70 71
86 36 86 36
87 112 87 112
82 37 82 37
71 54 71 54
44 66 44 66
33 16 33 16
65 31 65 31
44 40 44 40
65 51 65 51
22 89 22 89
52 62 52 62
89 80 89 80
74 59 74 59
74 62 74 62
73 33 73 33
88 104 88 104
44 5 44 5
59 74 59 74
24 87 24 87
51 27 51 27
10 90 10 90
18 89 18 89
108 37 108 37
29 12 29 12
48 28 48 28
30 77 30 77
89 112 89 112
65 73 65 73
90 54 90 54
62 74 62 74
6 82 6 82
24 106 24 106
108 38 108 38
31 43 31 43
80 42 80 42
38 6 38 6
94 70 94 70
86 7 86 7
84 6 84 6
77 41 77 41
88 106 88 106
35 49 35 49
89 58 89 58
82 37 82 37
67 53 67 53
84 114 84 114
105 32 105 32
112 90 112 90
32 20 32 20
80 100 80 100
6 39 6 39
91 65 91 65
93 58 93 58
51 59 51 59
36 7 36 7
89 63 89 63
113 88 113 88
43 116 43 116
28 109 28 109
94 58 94 58
70 31 70 31
3 65 3 65
82 115 82 115
9 34 9 34
73 65 73 65
16 82 16 82
92 60 92 60
78 89 78 89
15 23 15 23
72 27 72 27
83 33 83 33
16 81 16 81
69 45 69 45
29 34 29 34
90 42 90 42
19 60 19 60
109 28 109 28
85 37 85 37
42 20 42 20
89 42 89 42
117 76 117 76
48 89 48 89
74 66 74 66
29 47 29 47
94 63 94 63
53 91 53 91
85 36 85 36
116 78 116 78
59 119 59 119
40 7 40 7
49 29 49 29
26 56 26 56
73 57 73 57
20 70 20 70
70 35 70 35
78 39 78 39
114 86 114 86
93 68 93 68
88 61 88 61
42 6 42 6
60 73 60 73
