123 122
345
72 3 47 3
12 51 1 73
62 107 39 107
97 107 79 116
95 109 110 97
93 96 107 85
68 2 51 2
18 18 11 32
24 13 38 6
12 105 5 91
16 98 4 89
45 46 33 40
82 7 91 16
106 37 115 46
62 92 74 89
64 119 53 119
13 41 13 52
120 78 116 88
116 48 118 58
117 88 111 96
80 43 87 36
73 4 82 8
118 68 114 77
62 52 71 48
42 19 33 22
64 17 73 19
22 113 15 107
120 65 121 74
85 20 85 29
92 24 96 32
30 105 22 101
32 36 36 28
32 17 40 13
3 66 7 58
34 89 27 84
81 101 89 98
63 120 71 117
42 18 50 15
95 73 98 65
94 75 88 81
85 9 91 15
18 63 16 55
2 80 4 88
32 20 39 16
44 119 52 120
61 120 53 120
54 15 62 15
53 16 61 16
11 41 11 33
53 54 45 54
71 8 78 11
23 113 30 116
40 6 33 9
96 42 95 35
47 8 54 7
51 93 58 92
42 4 49 4
91 29 88 35
120 81 117 87
11 29 14 23
69 31 66 37
60 22 66 25
28 27 32 22
18 19 22 14
25 19 21 24
98 32 103 36
14 43 18 48
25 30 27 24
33 13 39 11
20 41 18 35
22 29 24 23
92 23 91 17
68 105 74 104
52 13 46 14
78 116 72 117
121 66 120 72
78 32 78 26
28 53 34 53
38 49 32 49
10 31 10 37
73 41 68 44
23 78 26 83
108 84 112 80
64 38 60 42
76 24 72 20
19 36 17 31
76 13 71 11
120 62 118 67
55 53 60 52
61 28 62 33
34 118 39 119
51 10 56 10
64 10 69 10
47 50 42 50
98 52 98 57
38 106 33 106
2 74 2 79
23 38 23 43
45 5 40 5
47 45 52 45
31 117 36 117
80 30 80 25
99 58 99 63
44 91 39 91
12 104 15 108
38 44 34 42
24 26 26 22
23 28 25 32
76 23 73 20
106 38 103 35
20 18 23 15
112 44 115 47
79 43 76 46
66 26 69 29
108 38 111 41
62 41 65 38
5 87 6 91
77 117 73 118
94 33 93 29
20 70 21 74
23 51 27 52
59 43 55 44
96 43 97 47
71 16 67 15
39 118 43 119
48 46 44 45
65 100 65 96
53 21 57 21
40 55 44 55
48 23 44 23
119 59 119 63
63 106 67 106
64 7 68 7
72 4 68 4
83 19 81 16
39 25 37 28
38 91 35 89
82 85 85 83
59 47 56 49
120 73 121 76
118 53 119 56
23 35 24 32
75 88 78 87
19 67 18 64
36 22 33 23
77 36 76 39
76 103 79 102
15 53 15 50
38 54 35 54
107 62 110 62
97 48 97 51
49 119 52 119
12 40 12 43
48 92 45 92
67 119 70 119
3 82 3 79
112 93 114 91
101 106 103 104
62 45 60 47
108 100 106 102
80 13 82 15
106 100 108 98
23 14 21 16
61 35 59 37
80 16 78 14
111 95 109 97
72 16 74 17
64 46 66 45
113 59 112 57
19 100 21 101
19 32 20 34
22 50 20 49
64 101 62 101
64 14 64 16
60 102 58 102
38 19 40 19
84 20 84 22
91 28 91 26
12 75 10 75
119 77 119 79
1 74 1 76
14 46 14 48
17 70 17 72
43 120 45 120
50 11 48 11
41 24 43 24
49 22 51 22
8 72 8 74
10 69 9 70
87 81 86 82
101 104 102 103
56 97 55 98
69 30 68 29
28 26 29 25
75 38 76 37
20 112 19 111
77 21 78 22
4 85 3 86
78 23 79 24
77 14 78 15
40 38 39 37
21 42 22 43
12 44 12 45
59 95 60 95
59 95 60 95
59 95 60 95
59 95 60 95
31 105 32 105
39 35 38 35
16 69 17 69
18 30 18 29
18 30 18 29
18 30 18 29
72 118 71 118
59 27 58 27
91 21 91 20
32 37 32 38
32 37 32 38
45 18 46 18
63 13 62 13
69 17 68 17
13 68 14 68
40 119 41 119
31 48 30 48
47 17 48 17
59 22 58 22
116 51 116 50
73 5 74 5
40 18 41 18
84 30 84 29
90 17 90 16
66 16 65 16
120 76 120 77
59 95 60 95
38 118 37 118
53 25 53 26
42 44 43 44
53 13 53 13
27 12 27 12
63 45 63 45
79 86 79 86
21 35 21 35
47 27 47 27
32 14 32 14
36 20 36 20
16 54 16 54
20 38 20 38
78 5 78 5
19 68 19 68
112 60 112 60
40 37 40 37
8 71 8 71
8 56 8 56
15 21 15 21
63 95 63 95
74 47 74 47
74 47 74 47
73 40 73 40
73 40 73 40
73 40 73 40
54 44 54 44
65 14 65 14
95 34 95 34
95 34 95 34
95 34 95 34
53 44 53 44
19 48 19 48
71 43 71 43
71 43 71 43
74 20 74 20
98 64 98 64
54 53 54 53
54 53 54 53
54 53 54 53
54 53 54 53
61 44 61 44
40 25 40 25
24 43 24 43
59 42 59 42
80 101 80 101
80 115 80 115
20 69 20 69
66 43 66 43
58 37 58 37
65 46 65 46
65 46 65 46
43 17 43 17
43 17 43 17
26 25 26 25
40 45 40 45
23 31 23 31
62 17 62 17
78 38 78 38
63 43 63 43
63 43 63 43
61 47 61 47
110 56 110 56
88 113 88 113
88 113 88 113
66 118 66 118
93 25 93 25
44 27 44 27
98 108 98 108
80 6 80 6
12 52 12 52
111 61 111 61
27 46 27 46
26 30 26 30
26 30 26 30
66 43 66 43
42 29 42 29
44 40 44 40
50 41 50 41
80 115 80 115
25 13 25 13
56 102 56 102
66 36 66 36
58 47 58 47
68 32 68 32
47 120 47 120
90 112 90 112
108 56 108 56
57 43 57 43
52 22 52 22
29 11 29 11
98 64 98 64
67 26 67 26
97 32 97 32
40 48 40 48
61 13 61 13
39 33 39 33
118 65 118 65
22 26 22 26
95 34 95 34
15 74 15 74
54 13 54 13
31 10 31 10
118 64 118 64
61 17 61 17
56 7 56 7
59 45 59 45
74 47 74 47
78 35 78 35
20 33 20 33
24 44 24 44
