123 125
371
98 114 114 98
50 3 72 3
23 71 23 52
113 100 100 113
2 82 10 98
16 35 5 49
15 92 28 103
62 63 79 63
70 2 54 2
64 112 79 112
63 123 77 121
24 37 24 51
55 10 69 10
45 5 33 12
119 80 113 92
5 50 2 63
39 119 52 122
30 115 20 108
62 52 74 52
110 44 116 54
24 30 27 19
98 30 90 22
11 99 19 107
112 93 104 101
37 53 29 45
83 46 73 51
4 73 8 83
53 11 43 15
90 117 99 112
103 101 94 106
66 24 76 26
80 93 89 89
67 122 58 122
2 81 2 72
119 70 119 79
45 51 53 55
79 10 87 14
84 119 76 122
39 118 31 115
33 105 41 108
45 23 39 29
103 49 97 55
12 101 18 107
121 71 119 63
64 24 56 26
95 56 88 60
87 8 94 12
107 32 106 40
28 19 32 12
72 13 64 13
38 38 38 30
32 25 32 33
96 14 102 19
57 50 51 45
83 45 86 38
26 37 29 44
60 96 53 94
96 82 91 87
29 81 34 86
55 26 50 31
2 64 3 71
79 28 84 33
64 58 71 58
1 73 1 66
50 19 44 22
97 27 100 33
51 60 45 58
89 118 83 120
93 49 95 43
115 92 113 98
52 94 46 92
77 12 83 14
42 109 48 110
117 87 116 93
80 62 86 61
75 4 81 5
71 15 65 15
25 30 25 36
43 47 40 42
102 112 106 108
88 27 92 31
13 89 9 85
89 17 93 21
90 108 85 110
105 26 107 31
101 33 99 38
106 52 104 57
53 121 58 123
71 4 76 3
49 4 54 4
25 75 28 79
75 11 70 11
108 33 108 38
67 17 62 17
62 18 67 18
101 19 104 23
42 16 38 19
120 78 120 73
21 31 18 35
62 7 57 7
43 57 39 54
38 46 35 42
60 51 56 48
53 54 49 52
84 55 88 53
98 43 96 47
46 11 50 9
105 45 107 41
80 49 76 51
44 21 47 18
96 13 99 16
90 16 93 19
88 26 91 29
14 38 17 35
89 20 92 23
50 121 54 122
71 8 75 9
50 5 46 4
104 58 103 62
53 19 57 18
75 94 79 93
49 34 48 38
67 96 63 96
57 62 61 62
51 20 55 20
70 18 74 18
102 65 102 69
85 39 85 35
3 82 3 78
118 61 118 57
51 111 55 111
37 20 35 23
37 87 40 89
41 25 39 28
108 42 110 45
9 45 7 48
40 15 37 17
34 24 33 27
83 6 86 7
71 95 74 95
87 95 84 95
17 85 20 85
3 67 3 64
82 100 82 97
56 112 59 112
86 24 88 22
96 33 98 31
98 38 96 36
42 27 40 29
16 78 14 80
35 41 34 39
86 16 84 17
120 64 119 66
20 83 18 82
78 28 76 27
91 101 92 99
34 22 35 20
51 18 49 17
32 14 34 13
49 21 51 21
107 50 107 48
53 17 55 17
98 35 98 37
33 23 33 25
117 55 117 57
73 122 75 122
74 16 72 16
82 56 80 56
105 50 105 52
25 24 25 22
74 12 76 12
3 61 3 63
68 95 70 95
18 77 20 77
79 20 77 20
90 103 88 103
24 26 24 28
47 120 45 120
106 47 106 49
62 51 64 51
101 72 101 70
49 40 49 42
56 11 54 11
54 8 56 8
82 101 84 101
82 111 80 111
56 35 56 33
56 35 56 33
119 60 119 62
61 57 63 57
21 108 22 109
22 84 23 83
81 18 82 17
94 49 95 48
29 16 28 17
87 21 86 22
35 86 36 87
87 118 88 119
10 97 11 98
21 32 22 31
107 44 108 43
27 112 28 113
45 24 44 25
49 33 50 32
104 24 105 25
35 12 36 11
15 83 14 82
25 74 24 73
25 111 24 110
13 90 14 91
104 47 103 48
10 41 11 40
78 42 79 41
73 18 74 19
82 121 81 121
82 121 81 121
4 57 4 58
103 63 103 64
103 63 103 64
118 81 118 80
98 25 98 24
106 31 106 32
85 103 84 103
55 40 55 39
100 76 100 75
57 14 58 14
86 120 85 120
56 123 55 123
86 18 86 19
81 22 81 23
56 15 56 16
39 33 39 34
50 43 50 44
86 120 85 120
99 77 99 78
82 20 82 19
107 40 107 39
57 42 56 42
77 43 77 44
23 79 23 78
121 67 121 68
52 61 53 61
83 110 84 110
73 14 74 14
84 20 85 20
69 123 68 123
93 38 92 38
49 111 50 111
43 91 44 91
88 101 88 101
30 14 30 14
73 19 73 19
77 18 77 18
78 37 78 37
64 15 64 15
55 15 55 15
89 19 89 19
89 19 89 19
29 80 29 80
29 80 29 80
29 80 29 80
112 99 112 99
82 18 82 18
73 31 73 31
73 31 73 31
115 95 115 95
115 95 115 95
115 95 115 95
112 102 112 102
90 52 90 52
90 52 90 52
90 52 90 52
97 30 97 30
77 34 77 34
67 29 67 29
102 21 102 21
102 21 102 21
4 51 4 51
77 35 77 35
39 19 39 19
39 19 39 19
39 19 39 19
65 42 65 42
65 42 65 42
121 72 121 72
57 19 57 19
57 19 57 19
84 15 84 15
116 89 116 89
43 121 43 121
82 6 82 6
82 6 82 6
104 46 104 46
93 12 93 12
61 30 61 30
38 8 38 8
41 29 41 29
95 42 95 42
99 27 99 27
99 27 99 27
84 7 84 7
41 119 41 119
41 119 41 119
77 19 77 19
79 22 79 22
82 48 82 48
55 38 55 38
54 15 54 15
94 116 94 116
93 40 93 40
24 81 24 81
67 30 67 30
56 19 56 19
62 43 62 43
5 53 5 53
48 120 48 120
106 46 106 46
64 29 64 29
48 35 48 35
61 51 61 51
84 34 84 34
55 35 55 35
95 40 95 40
85 15 85 15
79 36 79 36
82 6 82 6
85 43 85 43
41 26 41 26
57 16 57 16
34 117 34 117
70 47 70 47
24 72 24 72
59 43 59 43
44 14 44 14
54 47 54 47
51 16 51 16
62 25 62 25
36 9 36 9
2 59 2 59
91 97 91 97
44 48 44 48
78 16 78 16
26 20 26 20
116 53 116 53
67 47 67 47
120 69 120 69
52 12 52 12
40 7 40 7
40 7 40 7
90 52 90 52
36 118 36 118
106 27 106 27
78 18 78 18
8 44 8 44
38 53 38 53
99 26 99 26
54 17 54 17
73 31 73 31
84 19 84 19
92 117 92 117
100 40 100 40
112 99 112 99
60 50 60 50
65 24 65 24
93 34 93 34
29 80 29 80
86 100 86 100
97 43 97 43
61 45 61 45
72 51 72 51
59 32 59 32
