123 125
354
45 122 72 122
119 57 119 84
25 14 47 3
64 112 44 112
72 3 53 3
12 102 4 86
15 42 26 56
10 101 21 112
8 89 2 76
102 32 112 42
82 17 70 11
91 47 97 35
74 93 86 87
19 101 10 92
31 26 28 38
55 2 67 2
86 107 96 101
16 38 9 47
87 87 95 79
114 96 106 104
60 17 49 17
68 10 57 10
114 85 118 75
88 116 78 120
36 16 46 12
11 46 6 55
75 37 70 46
86 118 95 113
56 52 66 50
44 50 54 52
34 119 44 121
94 113 102 108
6 52 4 61
34 109 43 111
99 47 100 56
76 121 67 121
120 61 120 70
47 63 56 63
51 18 60 18
98 36 98 27
99 37 99 46
15 29 19 21
33 118 25 114
70 55 78 51
91 29 88 21
35 53 43 56
87 10 93 16
116 49 118 57
118 82 116 90
58 24 66 26
76 11 83 15
43 29 50 25
67 26 73 31
33 27 39 22
86 27 81 21
73 21 66 18
107 104 101 108
22 17 28 13
20 101 26 105
108 101 113 96
3 59 2 66
100 63 99 70
22 31 22 38
57 96 64 96
94 18 97 24
85 9 79 6
38 42 41 48
112 43 116 48
78 58 83 54
14 36 16 30
80 7 74 5
48 4 54 2
1 67 2 73
60 123 54 123
71 111 65 111
61 14 67 14
69 4 75 4
58 58 52 58
99 71 96 76
42 29 39 34
48 16 45 21
23 76 26 81
16 40 12 44
30 21 26 25
29 85 33 89
100 31 104 35
107 36 111 40
108 83 103 85
80 109 85 107
44 62 39 61
38 35 37 40
41 93 46 94
84 32 81 28
61 7 56 7
86 33 90 36
22 70 22 75
24 43 27 47
48 11 53 11
25 24 28 20
19 22 21 18
114 95 116 91
39 95 41 99
9 48 7 52
69 20 65 18
81 120 85 118
72 18 76 20
42 18 38 20
13 103 16 106
80 26 77 23
107 92 110 89
86 10 89 13
86 21 83 18
49 16 53 15
26 40 27 36
65 49 69 48
73 9 69 8
70 94 66 95
51 25 55 24
17 47 18 51
65 16 69 17
74 59 70 60
81 48 82 44
60 14 59 18
61 62 65 62
88 39 84 39
20 64 20 60
99 79 99 83
52 95 56 95
81 37 81 33
100 57 100 61
120 78 120 74
90 48 88 51
36 14 39 12
100 98 97 100
45 19 43 22
40 23 37 25
34 89 37 91
84 34 86 37
15 30 14 33
49 9 52 8
18 52 19 55
33 59 30 58
3 81 4 84
27 40 28 43
2 74 3 77
28 48 28 45
28 48 28 45
63 123 66 123
77 120 74 120
45 121 48 121
29 46 29 49
75 110 72 110
19 56 19 59
34 60 37 60
62 30 59 30
91 30 91 33
61 16 64 16
112 86 110 88
82 47 84 45
23 113 21 111
16 39 14 37
41 47 43 49
35 26 33 28
109 80 107 78
107 93 105 95
17 27 16 29
49 3 47 4
3 64 2 62
73 32 74 34
87 22 88 24
27 56 29 57
31 29 29 29
1 72 1 70
44 39 44 41
74 35 74 37
49 12 47 12
59 57 61 57
67 38 67 40
48 9 46 9
15 35 15 37
96 23 96 25
51 19 53 19
97 27 97 29
60 63 58 63
54 10 56 10
1 72 1 70
21 65 21 67
67 61 69 61
39 92 38 91
39 92 38 91
30 18 29 19
49 45 50 46
89 38 88 37
89 38 88 37
97 112 96 113
93 17 92 16
93 17 92 16
75 17 76 18
75 17 76 18
73 93 72 94
108 103 109 102
43 21 42 22
93 115 92 114
25 27 26 26
28 106 27 105
17 109 18 110
100 84 101 83
100 84 101 83
103 96 102 97
85 34 86 35
88 36 89 37
63 43 64 44
82 18 81 17
23 17 22 18
82 24 81 23
27 83 28 84
32 102 33 103
30 18 29 19
89 116 90 115
45 42 46 43
85 53 84 54
39 92 38 91
47 32 48 33
53 29 53 30
53 29 53 30
47 50 48 50
118 53 118 54
46 17 45 17
60 25 61 25
68 15 69 15
21 68 21 69
26 37 26 38
16 42 16 41
16 42 16 41
72 16 73 16
23 33 23 34
57 24 56 24
16 51 16 52
69 11 68 11
63 26 64 26
31 99 31 100
42 120 41 120
15 49 15 50
32 97 32 96
104 82 105 82
67 49 68 49
45 10 44 10
35 118 34 118
35 95 36 95
97 26 97 25
49 95 48 95
115 92 115 91
32 108 33 108
105 77 105 77
79 49 79 49
38 61 38 61
38 61 38 61
88 20 88 20
88 20 88 20
63 50 63 50
84 41 84 41
37 100 37 100
40 5 40 5
40 5 40 5
23 39 23 39
97 34 97 34
33 102 33 102
33 102 33 102
33 102 33 102
33 102 33 102
38 41 38 41
3 58 3 58
3 58 3 58
3 58 3 58
59 51 59 51
43 10 43 10
77 5 77 5
30 10 30 10
67 35 67 35
25 16 25 16
28 115 28 115
42 49 42 49
7 95 7 95
101 97 101 97
38 103 38 103
4 85 4 85
75 58 75 58
24 113 24 113
116 50 116 50
3 83 3 83
103 77 103 77
95 21 95 21
5 87 5 87
82 37 82 37
65 26 65 26
30 48 30 48
83 24 83 24
61 52 61 52
68 52 68 52
67 11 67 11
67 55 67 55
87 52 87 52
87 52 87 52
91 116 91 116
33 24 33 24
44 5 44 5
47 45 47 45
9 99 9 99
114 94 114 94
94 19 94 19
118 87 118 87
46 35 46 35
65 95 65 95
60 43 60 43
2 79 2 79
8 97 8 97
36 101 36 101
45 13 45 13
44 49 44 49
90 29 90 29
62 52 62 52
18 24 18 24
38 6 38 6
86 30 86 30
73 50 73 50
47 94 47 94
89 22 89 22
86 28 86 28
29 30 29 30
42 21 42 21
71 53 71 53
36 7 36 7
84 36 84 36
69 47 69 47
76 58 76 58
82 8 82 8
32 9 32 9
32 52 32 52
23 40 23 40
55 43 55 43
5 58 5 58
71 12 71 12
101 78 101 78
36 103 36 103
85 41 85 41
45 37 45 37
27 42 27 42
40 7 40 7
30 50 30 50
88 20 88 20
51 4 51 4
57 42 57 42
34 8 34 8
32 25 32 25
