124 116
341
25 47 25 18
73 2 48 2
58 112 82 112
77 98 58 98
30 106 17 99
105 105 116 96
2 79 2 65
11 78 22 86
85 97 98 94
62 113 75 113
78 86 65 86
64 42 77 42
79 39 66 39
119 78 119 91
121 78 121 65
20 41 9 47
73 10 85 12
35 32 45 37
8 48 3 58
24 57 24 46
7 90 15 97
14 43 7 51
46 3 36 6
15 43 24 38
72 36 82 34
59 113 49 111
62 9 72 9
120 84 120 74
105 47 113 52
33 76 41 81
115 85 107 90
44 32 37 26
61 18 52 20
106 32 105 41
24 37 24 28
56 1 65 1
97 11 89 7
102 36 107 29
56 41 48 38
81 113 89 110
31 106 39 109
120 61 114 55
79 20 71 18
86 17 93 21
64 13 56 14
78 3 70 3
26 27 26 19
70 17 62 17
3 76 3 68
26 18 29 11
4 57 2 64
120 65 118 58
118 88 116 95
7 72 3 66
29 90 23 86
28 24 32 30
92 81 98 77
93 22 97 28
32 8 28 14
6 86 2 80
83 15 88 20
41 12 48 12
69 12 76 12
24 65 27 71
104 105 98 108
86 29 83 23
52 30 57 34
4 66 2 60
41 94 47 96
95 18 89 16
49 6 55 6
63 5 69 5
53 3 47 3
63 5 69 5
85 18 81 14
11 94 15 98
117 57 113 53
79 16 74 14
40 109 45 111
3 77 4 82
90 41 85 41
44 14 39 14
104 17 101 13
97 16 93 13
44 18 48 15
70 12 74 15
38 18 33 18
63 41 58 41
101 22 101 27
35 17 33 21
97 108 93 110
99 75 102 72
56 25 59 22
40 83 43 86
80 21 83 24
112 99 115 96
95 26 96 30
92 40 96 39
32 9 36 8
88 111 92 110
79 4 83 5
61 35 65 36
107 22 108 26
48 111 44 110
105 17 106 21
48 96 52 97
71 35 67 36
57 97 53 97
38 83 34 83
59 85 55 85
84 42 80 42
62 11 66 11
105 42 105 46
101 79 103 82
98 38 101 36
98 12 101 14
86 38 89 36
39 22 41 19
43 32 40 30
86 31 83 33
39 16 41 13
91 34 94 33
37 93 34 92
102 92 105 91
90 82 87 83
62 14 65 13
58 33 61 34
56 12 59 13
97 26 96 23
45 13 42 13
83 38 80 38
107 28 107 25
39 20 36 20
37 7 34 7
49 112 52 112
75 35 72 35
79 85 82 85
122 72 122 69
87 13 84 13
50 83 47 83
33 84 33 87
111 80 109 78
109 83 111 81
8 90 6 88
17 48 19 50
7 88 5 86
92 18 94 20
107 103 109 101
80 27 78 25
114 99 112 101
50 11 52 13
31 75 29 73
52 10 54 9
118 80 117 82
76 14 78 13
81 33 83 32
40 94 38 93
52 21 50 22
50 27 51 29
101 93 99 93
101 93 99 93
79 36 77 36
81 8 79 8
57 11 59 11
57 11 59 11
60 86 62 86
46 10 48 10
44 82 46 82
49 25 49 27
49 25 49 27
21 46 19 46
50 35 52 35
52 84 54 84
79 28 79 30
84 98 82 98
83 9 85 9
23 64 23 62
65 35 63 35
27 22 27 24
65 35 63 35
106 37 106 39
107 32 107 34
65 38 63 38
41 31 42 32
41 31 42 32
94 22 93 23
85 37 86 36
116 94 115 95
50 10 49 9
85 31 86 30
21 50 22 51
58 29 59 30
71 14 70 13
51 28 52 29
11 47 12 46
84 37 85 38
35 25 34 24
50 23 49 24
87 6 88 7
67 35 66 36
8 74 9 75
39 6 38 7
107 77 106 77
59 34 58 34
106 83 105 83
70 6 71 6
70 6 71 6
70 6 71 6
70 6 71 6
74 4 75 4
90 20 89 20
54 11 54 10
70 36 71 36
45 33 46 33
86 84 85 84
79 15 78 15
52 9 51 9
75 20 76 20
96 33 97 33
33 31 34 31
56 32 57 32
44 4 45 4
102 66 102 67
86 10 87 10
83 111 84 111
98 31 98 32
74 22 73 22
57 28 57 27
86 6 85 6
96 20 96 19
39 18 39 18
65 20 65 20
65 21 65 21
34 88 34 88
3 65 3 65
91 81 91 81
43 21 43 21
88 19 88 19
116 84 116 84
109 49 109 49
48 16 48 16
53 36 53 36
100 25 100 25
59 9 59 9
98 17 98 17
62 31 62 31
106 47 106 47
71 32 71 32
34 15 34 15
34 108 34 108
48 7 48 7
50 9 50 9
40 23 40 23
81 12 81 12
37 89 37 89
68 35 68 35
56 26 56 26
43 23 43 23
60 22 60 22
36 13 36 13
36 13 36 13
47 34 47 34
47 34 47 34
47 34 47 34
47 34 47 34
73 19 73 19
96 27 96 27
90 8 90 8
47 7 47 7
77 20 77 20
41 10 41 10
32 85 32 85
26 15 26 15
81 21 81 21
52 12 52 12
109 103 109 103
109 103 109 103
36 16 36 16
99 107 99 107
16 98 16 98
92 9 92 9
92 9 92 9
27 13 27 13
46 17 46 17
56 13 56 13
94 32 94 32
84 33 84 33
72 19 72 19
55 20 55 20
103 59 103 59
37 22 37 22
90 21 90 21
36 21 36 21
78 30 78 30
76 31 76 31
105 104 105 104
105 104 105 104
37 22 37 22
42 15 42 15
102 78 102 78
35 14 35 14
54 36 54 36
112 51 112 51
96 11 96 11
43 11 43 11
51 15 51 15
40 26 40 26
94 10 94 10
42 25 42 25
16 98 16 98
42 25 42 25
99 30 99 30
83 17 83 17
68 32 68 32
40 88 40 88
99 76 99 76
102 15 102 15
52 12 52 12
61 14 61 14
106 40 106 40
38 108 38 108
117 83 117 83
70 14 70 14
68 21 68 21
6 53 6 53
85 5 85 5
32 75 32 75
82 22 82 22
68 20 68 20
47 34 47 34
100 26 100 26
38 24 38 24
42 9 42 9
84 5 84 5
65 14 65 14
104 45 104 45
95 31 95 31
54 15 54 15
104 51 104 51
120 62 120 62
4 84 4 84
