122 121
381
60 1 36 7
15 23 34 8
50 118 73 118
118 45 108 25
13 94 4 76
30 110 47 117
104 99 114 86
61 1 76 4
89 9 75 3
21 48 27 36
70 27 82 33
66 94 79 91
119 59 119 72
118 74 113 86
103 100 94 109
15 97 24 106
85 114 95 107
74 77 64 82
118 50 120 61
51 36 41 41
57 26 68 26
47 21 38 26
99 105 106 98
67 52 71 61
89 39 94 47
91 31 97 38
41 83 47 90
32 58 32 67
68 117 77 117
66 95 57 95
80 67 80 58
19 61 11 65
79 57 75 49
74 101 82 97
75 76 79 68
82 38 74 34
47 50 43 58
39 82 34 75
25 82 30 89
103 19 108 26
86 27 79 22
85 113 77 116
28 109 22 103
16 24 10 30
12 27 18 21
66 11 64 19
44 30 52 28
49 63 53 70
61 51 54 54
50 61 53 54
103 62 110 65
101 48 103 55
64 104 57 102
36 36 42 32
36 48 40 42
53 71 60 72
92 10 97 15
4 44 3 51
48 20 55 20
56 14 59 8
57 81 51 78
8 60 12 55
12 29 8 34
2 56 4 50
101 47 99 41
48 100 42 98
71 65 69 71
109 55 103 57
96 61 96 67
20 72 20 66
33 54 33 60
49 101 55 101
70 91 64 91
3 68 3 74
112 56 112 62
94 74 91 79
83 88 78 91
18 61 15 56
65 110 60 113
94 87 90 91
14 95 18 99
56 106 60 102
100 17 104 21
68 70 63 72
99 78 97 83
33 70 35 75
34 9 39 7
69 46 74 48
109 64 114 62
66 10 61 8
22 75 24 80
71 36 76 38
27 56 26 61
57 35 62 34
108 56 113 57
29 75 32 79
53 91 58 91
58 94 63 94
46 73 43 69
90 63 90 58
61 18 57 15
40 88 44 91
74 20 78 22
52 47 48 49
58 112 56 108
96 55 92 53
29 47 31 43
66 53 62 51
21 17 24 14
40 97 37 94
84 96 87 93
46 74 49 77
36 94 33 91
36 27 33 30
2 59 3 55
102 69 103 65
67 102 63 103
95 59 94 55
59 32 55 33
49 117 53 117
68 20 72 20
56 19 60 19
64 45 68 45
118 73 118 69
59 44 63 44
20 54 20 50
52 27 56 27
2 64 2 60
4 71 4 75
42 61 42 65
42 61 42 65
64 105 66 108
45 91 48 93
34 50 36 47
79 40 82 42
101 17 98 15
28 35 30 32
10 64 9 61
35 50 34 53
35 50 34 53
27 65 26 62
49 91 52 90
87 48 90 47
87 50 90 51
43 4 46 3
19 56 18 59
120 63 120 66
67 119 64 119
59 119 56 119
59 119 56 119
55 45 58 45
63 96 60 96
33 66 33 69
95 67 95 70
52 2 49 2
61 72 61 75
104 61 104 58
70 2 73 2
72 63 72 66
7 39 7 36
94 86 96 84
86 36 84 34
82 83 80 85
35 37 33 39
27 107 29 109
90 9 92 11
94 86 96 84
26 13 28 11
90 30 88 28
12 56 14 55
9 34 8 36
66 34 64 35
58 81 60 82
100 75 101 73
90 79 90 81
96 56 96 54
67 19 65 19
66 14 66 12
71 101 69 101
69 27 67 27
5 43 5 41
95 53 95 51
43 66 43 68
53 34 51 34
63 31 65 31
117 44 117 46
118 66 118 68
19 65 19 63
3 65 3 67
61 82 63 82
2 67 2 65
64 110 64 112
103 58 105 58
59 9 57 9
91 50 91 48
66 32 68 32
45 38 45 40
51 63 50 62
33 81 32 80
18 19 19 18
13 93 14 94
92 76 91 77
96 106 97 105
79 85 78 86
58 111 59 112
46 116 45 117
63 16 62 17
3 47 4 48
72 90 73 89
58 105 59 104
88 93 89 92
27 14 28 13
18 101 19 102
110 93 109 92
84 45 85 46
70 56 71 57
96 13 97 14
32 10 31 11
117 74 117 75
102 71 102 70
102 71 102 70
55 73 56 73
58 2 59 2
119 52 119 53
119 52 119 53
90 67 90 66
43 60 43 59
15 65 16 65
61 25 60 25
12 64 11 64
65 108 65 109
73 63 74 63
89 69 89 70
6 40 6 41
6 40 6 41
48 3 47 3
48 3 47 3
49 89 50 89
118 49 118 48
44 31 43 31
55 3 54 3
51 69 51 68
67 72 67 73
70 71 70 72
106 65 107 65
103 64 103 63
53 46 52 46
64 15 64 16
52 92 51 92
117 74 117 75
21 74 21 73
100 76 100 77
73 60 73 60
87 77 87 77
61 73 61 73
102 18 102 18
88 75 88 75
89 68 89 68
89 68 89 68
115 83 115 83
56 102 56 102
60 32 60 32
60 32 60 32
78 5 78 5
78 5 78 5
78 5 78 5
89 54 89 54
43 41 43 41
86 72 86 72
3 58 3 58
3 58 3 58
83 34 83 34
84 46 84 46
93 74 93 74
109 94 109 94
68 3 68 3
60 112 60 112
85 80 85 80
90 75 90 75
113 61 113 61
91 111 91 111
113 58 113 58
113 58 113 58
95 56 95 56
95 56 95 56
34 82 34 82
85 85 85 85
58 75 58 75
71 90 71 90
91 72 91 72
73 66 73 66
92 72 92 72
92 72 92 72
73 92 73 92
69 93 69 93
56 107 56 107
40 5 40 5
18 63 18 63
60 8 60 8
70 55 70 55
40 7 40 7
54 55 54 55
4 49 4 49
88 79 88 79
84 114 84 114
19 59 19 59
84 6 84 6
48 28 48 28
106 96 106 96
92 110 92 110
94 52 94 52
67 54 67 54
118 47 118 47
10 56 10 56
83 39 83 39
74 3 74 3
39 45 39 45
103 60 103 60
78 40 78 40
92 45 92 45
93 47 93 47
111 65 111 65
37 80 37 80
63 34 63 34
66 111 66 111
54 33 54 33
48 90 48 90
64 8 64 8
84 49 84 49
84 52 84 52
23 17 23 17
91 54 91 54
89 82 89 82
89 112 89 112
16 64 16 64
112 88 112 88
86 7 86 7
69 68 69 68
47 30 47 30
49 60 49 60
58 93 58 93
34 82 34 82
6 39 6 39
86 54 86 54
19 55 19 55
95 56 95 56
54 70 54 70
3 46 3 46
114 61 114 61
58 51 58 51
36 79 36 79
17 57 17 57
93 108 93 108
62 72 62 72
75 91 75 91
105 64 105 64
58 74 58 74
66 106 66 106
50 66 50 66
87 28 87 28
71 46 71 46
3 58 3 58
57 107 57 107
64 2 64 2
81 90 81 90
43 41 43 41
117 79 117 79
84 80 84 80
31 110 31 110
64 10 64 10
114 85 114 85
55 52 55 52
63 19 63 19
116 81 116 81
109 28 109 28
83 87 83 87
72 60 72 60
80 6 80 6
85 43 85 43
84 77 84 77
31 9 31 9
