123 122
355
39 114 64 120
3 58 3 81
65 119 85 119
76 3 56 3
120 85 120 66
97 21 105 38
38 113 22 105
42 6 59 2
4 56 11 42
99 13 109 23
2 65 2 79
63 107 77 107
104 111 92 117
116 94 110 106
45 86 57 91
24 61 26 49
112 29 112 41
72 45 84 45
13 40 23 34
114 93 105 100
42 85 33 78
102 74 105 63
47 103 58 105
10 94 5 84
71 2 60 2
72 11 82 15
101 25 105 35
69 120 79 120
29 37 29 27
32 97 24 91
30 32 30 22
113 55 119 63
103 111 110 105
111 36 111 45
31 27 31 18
88 28 92 36
20 35 28 31
14 82 9 75
87 118 95 115
76 93 68 93
78 55 86 55
69 54 77 54
21 104 15 99
116 91 119 84
53 11 46 14
92 88 85 91
101 36 98 29
25 66 28 73
83 6 90 8
71 44 64 42
44 43 50 47
89 22 95 26
61 119 68 120
68 21 75 22
61 52 68 53
73 4 80 4
60 92 67 92
55 32 58 38
119 87 116 93
112 53 109 47
98 45 101 39
14 98 10 93
40 20 38 26
45 6 39 8
68 48 74 50
79 50 73 49
88 49 94 48
107 56 106 62
5 67 4 61
85 17 91 17
76 17 82 17
110 48 110 42
98 82 101 77
91 9 96 12
36 10 33 15
107 20 103 16
51 42 47 38
56 27 60 23
39 20 41 15
85 43 90 41
65 22 60 24
63 46 58 44
40 100 45 102
84 11 89 12
46 33 45 28
54 10 59 10
83 5 78 5
86 118 81 118
10 45 13 41
50 15 47 19
98 19 102 22
68 10 63 10
84 106 89 106
63 41 59 38
59 46 55 44
81 24 85 26
100 102 104 100
6 53 4 57
41 41 38 38
97 12 100 15
109 50 108 54
119 67 118 63
51 48 55 49
80 12 76 11
69 16 73 17
44 28 45 32
34 98 38 99
111 30 110 26
56 50 60 51
60 7 56 7
121 78 121 74
68 7 64 7
106 31 106 35
28 42 28 38
80 23 76 23
27 47 27 43
86 44 82 44
91 53 95 53
76 46 80 46
113 36 113 32
51 21 54 19
38 10 41 8
54 18 51 20
104 40 101 42
49 38 52 40
104 40 101 42
51 17 48 19
7 71 8 74
38 23 39 26
55 8 52 9
99 103 96 104
5 62 5 59
68 100 68 97
32 19 32 16
99 52 96 52
80 107 83 107
91 36 91 39
106 47 108 45
103 49 105 47
41 18 43 16
110 25 108 23
18 87 16 85
106 70 108 68
97 84 95 86
32 77 30 75
108 73 106 71
60 13 58 15
38 37 36 35
35 14 33 16
60 96 58 97
6 70 5 68
79 9 77 8
45 14 44 16
33 30 34 32
47 23 49 22
58 12 60 11
56 18 55 16
20 59 20 61
89 54 87 54
90 105 92 105
77 92 79 92
76 16 78 16
24 64 24 62
69 11 69 13
46 19 46 21
59 106 61 106
62 14 62 12
20 59 20 61
20 104 22 104
67 12 66 13
67 12 66 13
67 12 66 13
67 12 66 13
22 90 23 91
103 24 102 23
67 102 68 101
15 55 16 56
62 32 61 31
109 107 108 106
66 22 67 21
99 23 100 24
110 74 111 75
37 10 38 9
103 36 104 37
96 24 97 25
16 84 15 83
107 109 108 108
14 97 13 96
83 38 84 37
109 107 108 106
61 101 62 102
94 26 95 27
114 74 113 75
88 15 89 16
109 45 110 44
20 58 19 57
55 42 56 43
67 12 66 13
93 87 94 86
59 100 58 99
114 55 113 54
63 28 62 29
82 91 81 91
55 31 55 30
55 31 55 30
55 31 55 30
11 58 11 57
121 70 121 71
82 29 81 29
46 11 47 11
46 11 47 11
35 33 35 34
87 117 88 117
91 22 90 22
87 49 86 49
84 13 85 13
41 32 41 31
48 5 49 5
67 44 68 44
100 51 101 51
46 26 46 27
62 95 63 95
32 27 32 28
116 72 116 73
90 39 90 40
90 13 91 13
71 11 70 11
49 10 48 10
42 33 42 34
55 31 55 30
59 12 59 13
80 9 81 9
4 82 4 83
82 91 81 91
76 26 76 27
87 14 87 15
57 35 57 35
101 38 101 38
79 18 79 18
70 26 70 26
116 97 116 97
71 48 71 48
118 92 118 92
13 56 13 56
81 40 81 40
97 114 97 114
84 31 84 31
65 12 65 12
82 19 82 19
45 37 45 37
54 41 54 41
101 34 101 34
85 37 85 37
77 12 77 12
76 8 76 8
65 15 65 15
115 70 115 70
89 21 89 21
82 40 82 40
47 24 47 24
47 24 47 24
80 18 80 18
7 51 7 51
87 18 87 18
87 18 87 18
7 47 7 47
7 47 7 47
84 21 84 21
84 21 84 21
84 21 84 21
84 21 84 21
23 105 23 105
108 55 108 55
92 23 92 23
66 42 66 42
88 43 88 43
88 43 88 43
49 21 49 21
85 15 85 15
95 20 95 20
98 25 98 25
91 48 91 48
15 62 15 62
63 13 63 13
63 13 63 13
63 13 63 13
90 54 90 54
46 38 46 38
6 49 6 49
105 30 105 30
105 30 105 30
60 18 60 18
92 21 92 21
66 96 66 96
33 14 33 14
43 24 43 24
44 23 44 23
86 22 86 22
11 43 11 43
87 28 87 28
16 39 16 39
25 65 25 65
87 19 87 19
65 37 65 37
18 38 18 38
105 29 105 29
60 16 60 16
79 40 79 40
92 14 92 14
60 18 60 18
67 26 67 26
67 26 67 26
94 22 94 22
6 49 6 49
56 28 56 28
86 27 86 27
63 16 63 16
63 13 63 13
62 101 62 101
83 31 83 31
17 56 17 56
41 19 41 19
18 62 18 62
53 41 53 41
111 68 111 68
25 59 25 59
72 16 72 16
86 14 86 14
62 41 62 41
55 14 55 14
8 49 8 49
63 18 63 18
64 43 64 43
23 105 23 105
76 41 76 41
117 61 117 61
85 6 85 6
60 40 60 40
61 14 61 14
73 41 73 41
80 92 80 92
11 60 11 60
101 112 101 112
62 34 62 34
90 19 90 19
26 48 26 48
9 47 9 47
65 102 65 102
99 113 99 113
47 24 47 24
48 16 48 16
51 15 51 15
65 27 65 27
99 30 99 30
65 11 65 11
