122 121
363
107 97 118 75
50 118 73 118
106 98 88 112
11 30 24 14
119 52 119 72
28 52 36 36
13 94 5 78
78 4 94 12
108 25 96 13
27 12 41 5
62 1 77 4
2 67 2 53
33 112 22 104
50 20 38 26
38 77 33 65
13 93 21 103
96 108 105 100
90 30 98 39
87 113 76 116
25 82 32 91
54 26 44 31
82 56 82 67
58 43 69 43
37 113 47 117
117 44 113 34
83 88 74 93
73 45 80 52
41 80 48 87
101 79 94 86
63 49 72 53
94 74 89 82
48 93 40 88
89 23 80 23
3 74 3 65
3 49 3 58
19 56 19 65
96 65 96 56
77 117 68 117
21 73 25 81
56 52 52 60
38 95 42 103
11 29 7 37
54 31 46 35
51 62 55 70
74 101 82 97
43 32 36 37
77 89 84 84
89 73 92 65
6 40 3 48
88 93 94 87
26 61 28 53
51 3 59 2
57 44 50 48
120 58 120 66
118 66 118 74
87 78 82 84
56 53 63 50
70 27 77 30
24 41 21 48
99 41 101 48
77 75 81 69
16 22 12 28
30 11 24 15
102 51 103 58
105 21 100 16
27 61 27 68
48 101 55 101
68 20 75 20
118 47 118 54
87 24 90 18
86 41 80 38
47 100 41 97
86 41 80 38
31 31 27 36
37 49 41 44
22 33 26 38
69 91 63 92
106 86 105 80
43 4 49 4
20 55 20 49
55 2 49 2
73 67 68 70
75 76 70 79
20 41 15 38
48 51 45 56
49 74 46 69
71 54 74 59
74 62 71 67
103 100 107 96
38 78 42 82
78 37 73 35
29 74 27 69
71 70 66 72
39 7 34 9
56 34 51 36
107 87 102 89
91 54 92 59
83 14 88 15
61 71 66 71
22 32 17 32
48 117 53 117
55 90 60 90
49 37 45 40
111 30 108 26
4 76 4 71
71 90 75 88
36 48 34 52
38 106 42 104
31 43 29 47
40 7 44 5
87 93 84 96
88 79 91 76
84 25 87 28
33 57 34 53
32 100 33 104
59 26 63 25
44 61 45 57
93 72 94 68
60 71 56 70
93 47 92 43
95 60 95 56
67 19 63 19
20 66 20 70
62 26 66 26
60 19 56 19
57 1 61 1
4 47 4 51
51 20 55 20
68 102 64 102
60 102 56 102
60 102 56 102
58 80 55 78
89 39 91 42
36 96 34 99
17 21 19 18
22 17 25 15
98 86 100 89
24 38 22 41
49 87 52 89
94 67 95 64
101 73 100 76
76 21 79 22
34 61 33 64
60 95 63 96
18 33 15 34
65 81 62 81
66 95 63 95
73 62 73 59
45 68 45 65
80 20 80 17
88 47 91 47
56 119 59 119
48 3 45 3
66 80 69 80
34 82 32 80
108 94 106 96
38 43 40 41
35 28 33 30
34 92 36 94
54 78 52 76
95 108 97 106
86 36 84 34
97 15 95 13
82 33 84 35
41 102 40 104
38 105 36 106
35 66 34 64
34 97 33 99
36 38 35 40
80 53 81 55
67 29 65 28
65 33 67 32
72 45 70 44
38 105 36 106
52 88 54 89
41 102 40 104
69 53 69 51
72 27 72 29
36 105 34 105
37 94 37 96
35 57 35 59
87 44 87 46
68 90 66 90
63 29 63 31
102 70 102 68
117 74 117 76
64 91 62 91
59 95 57 95
61 80 59 80
84 45 84 47
61 103 63 103
44 64 44 62
103 66 103 64
104 61 104 63
69 101 71 101
66 119 64 119
107 82 106 81
107 82 106 81
106 24 107 25
103 80 102 79
103 80 102 79
90 78 89 79
33 111 34 112
71 55 70 54
40 78 41 79
88 16 89 17
99 80 98 81
89 29 88 28
16 98 15 97
55 68 56 69
50 49 49 50
113 33 112 32
32 79 31 78
35 112 36 113
103 79 104 80
18 101 19 102
82 16 83 15
51 76 50 75
6 39 7 38
22 103 23 104
81 21 82 22
98 87 99 88
74 64 74 65
70 33 70 32
58 26 57 26
99 78 99 79
22 40 21 40
93 73 93 74
37 27 36 27
52 62 52 61
37 45 37 44
93 109 93 110
69 3 68 3
18 41 17 41
61 91 60 91
20 31 19 31
71 2 72 2
58 51 57 51
60 33 59 33
75 3 76 3
74 28 75 28
117 45 117 46
97 84 97 85
42 100 42 99
60 25 61 25
61 96 60 96
15 37 15 36
85 113 84 113
102 49 102 50
70 33 70 32
65 2 64 2
89 19 89 18
81 16 81 15
50 3 50 3
8 36 8 36
63 74 63 74
63 74 63 74
76 75 76 75
91 43 91 43
24 39 24 39
24 39 24 39
24 39 24 39
76 93 76 93
76 93 76 93
74 68 74 68
72 57 72 57
72 57 72 57
76 89 76 89
26 59 26 59
16 40 16 40
34 104 34 104
57 72 57 72
57 72 57 72
60 50 60 50
115 84 115 84
115 84 115 84
94 47 94 47
81 18 81 18
81 18 81 18
74 30 74 30
101 88 101 88
78 92 78 92
24 37 24 37
82 88 82 88
75 89 75 89
37 35 37 35
40 33 40 33
51 65 51 65
85 15 85 15
71 30 71 30
81 68 81 68
27 37 27 37
27 37 27 37
66 73 66 73
99 82 99 82
100 77 100 77
84 24 84 24
92 110 92 110
87 49 87 49
28 70 28 70
92 76 92 76
98 84 98 84
103 59 103 59
27 107 27 107
33 101 33 101
88 43 88 43
19 19 19 19
116 78 116 78
93 12 93 12
107 84 107 84
12 27 12 27
76 31 76 31
76 62 76 62
39 107 39 107
64 29 64 29
83 7 83 7
112 31 112 31
109 92 109 92
114 86 114 86
36 52 36 52
66 92 66 92
33 39 33 39
90 21 90 21
34 60 34 60
34 60 34 60
64 33 64 33
82 15 82 15
72 70 72 70
108 84 108 84
47 85 47 85
104 89 104 89
38 97 38 97
56 54 56 54
81 18 81 18
89 112 89 112
89 42 89 42
69 72 69 72
68 35 68 35
65 36 65 36
111 92 111 92
89 50 89 50
34 104 34 104
67 31 67 31
113 88 113 88
94 53 94 53
26 59 26 59
63 32 63 32
86 49 86 49
111 29 111 29
72 57 72 57
81 6 81 6
70 28 70 28
73 68 73 68
79 5 79 5
102 88 102 88
66 74 66 74
71 69 71 69
91 43 91 43
49 29 49 29
58 31 58 31
83 84 83 84
63 74 63 74
5 77 5 77
