124 116
315
75 112 38 112
112 96 86 109
76 2 51 2
121 82 121 58
42 42 61 42
42 98 59 98
95 90 109 82
60 113 44 113
95 11 81 4
98 17 98 32
27 78 40 84
45 5 31 8
49 35 63 35
120 81 114 93
47 86 60 86
111 44 119 54
4 82 2 70
99 25 99 37
120 55 120 67
119 69 113 79
21 16 30 9
21 15 16 25
18 90 28 95
100 39 100 50
71 84 81 82
51 36 61 36
42 4 52 4
80 111 70 111
107 98 115 93
78 110 87 108
58 1 67 1
22 35 30 39
80 37 88 33
104 40 111 45
38 13 46 11
54 13 46 15
66 10 74 12
44 11 40 18
18 39 18 47
56 17 64 17
62 9 54 9
5 62 8 55
90 78 83 81
11 99 17 103
11 52 7 58
93 30 97 24
31 110 38 111
74 14 67 14
62 41 69 41
73 31 67 34
12 86 17 90
91 77 96 73
38 26 40 32
77 38 71 40
47 20 53 18
33 16 39 18
21 106 27 108
44 34 50 36
30 18 36 20
53 6 59 5
3 72 2 66
82 95 76 96
65 18 71 19
76 6 70 6
69 13 63 13
101 51 101 57
17 32 17 38
70 9 76 9
68 97 74 97
78 14 83 17
58 9 61 14
66 33 63 38
66 34 71 31
27 17 31 13
5 89 7 94
79 16 74 15
51 15 46 16
44 38 39 37
32 96 37 97
4 61 4 66
104 41 100 38
122 66 122 71
23 72 26 76
97 71 100 67
79 3 74 3
8 83 5 79
4 83 4 88
8 94 10 98
85 24 83 28
40 38 36 36
89 25 91 21
49 31 45 29
21 34 18 31
75 23 72 20
66 37 70 36
28 23 24 22
24 28 23 24
17 27 16 31
101 64 101 60
41 41 37 41
50 3 46 3
75 28 75 24
101 64 101 60
97 17 97 13
58 12 54 12
11 53 13 50
11 86 8 84
77 33 80 31
75 35 78 33
40 25 42 22
74 28 72 31
94 11 96 14
19 105 16 103
43 22 46 20
14 51 16 48
83 19 85 22
34 40 31 39
27 109 30 110
64 14 61 13
107 47 106 50
52 19 55 18
38 10 41 9
42 9 45 8
38 97 41 97
67 98 64 98
122 74 122 77
48 39 51 39
3 67 3 64
57 10 54 10
57 10 54 10
85 20 82 20
69 85 66 85
56 3 53 3
20 77 17 77
65 113 68 113
16 83 19 83
114 92 112 94
22 82 24 80
92 30 90 32
112 46 114 48
30 25 32 23
87 28 85 30
35 18 37 20
86 11 88 13
89 16 87 14
112 80 110 81
29 22 28 20
43 15 45 14
30 21 29 19
41 33 43 34
52 15 54 14
38 14 36 15
91 92 89 93
41 111 39 111
85 83 87 83
44 85 46 85
82 87 82 85
29 34 31 34
60 5 62 5
31 28 31 30
53 11 51 11
5 85 5 87
65 86 63 86
16 28 16 26
85 94 83 94
41 111 39 111
3 81 3 79
39 17 38 16
39 17 38 16
22 14 23 13
30 33 29 32
14 50 13 51
67 28 68 27
31 23 32 22
104 50 103 51
92 19 91 18
27 29 26 28
81 17 80 16
81 5 80 4
26 29 25 30
17 49 16 50
29 10 28 11
44 36 45 37
14 82 13 81
84 22 85 23
32 35 31 35
47 25 47 24
83 88 84 88
83 88 84 88
102 46 103 46
100 65 100 66
31 9 32 9
85 10 84 10
23 78 22 78
39 26 39 25
32 17 31 17
120 80 120 79
31 20 32 20
84 13 85 13
79 17 78 17
62 38 61 38
85 10 84 10
78 7 77 7
35 110 34 110
88 93 87 93
13 80 14 80
119 55 119 56
45 26 46 26
42 85 43 85
30 109 29 109
88 107 89 107
75 16 76 16
23 71 23 71
41 32 41 32
51 22 51 22
119 86 119 86
91 84 91 84
52 39 52 39
73 20 73 20
45 12 45 12
54 32 54 32
106 46 106 46
2 69 2 69
57 21 57 21
22 63 22 63
50 20 50 20
85 108 85 108
38 29 38 29
120 84 120 84
24 25 24 25
70 84 70 84
54 21 54 21
110 95 110 95
89 83 89 83
84 83 84 83
21 55 21 55
48 19 48 19
7 92 7 92
60 20 60 20
51 32 51 32
28 32 28 32
92 87 92 87
86 14 86 14
77 10 77 10
118 88 118 88
90 88 90 88
39 5 39 5
24 29 24 29
20 105 20 105
35 21 35 21
91 17 91 17
101 46 101 46
2 75 2 75
86 94 86 94
67 23 67 23
82 19 82 19
82 19 82 19
82 19 82 19
82 19 82 19
82 19 82 19
71 36 71 36
107 100 107 100
107 100 107 100
60 32 60 32
117 90 117 90
117 90 117 90
27 21 27 21
27 21 27 21
99 104 99 104
99 104 99 104
70 20 70 20
12 99 12 99
12 99 12 99
12 99 12 99
20 48 20 48
20 48 20 48
18 30 18 30
36 6 36 6
31 25 31 25
10 97 10 97
63 21 63 21
57 32 57 32
16 22 16 22
101 103 101 103
51 13 51 13
109 44 109 44
45 35 45 35
92 85 92 85
78 10 78 10
29 24 29 24
116 92 116 92
17 24 17 24
60 21 60 21
41 13 41 13
17 20 17 20
4 77 4 77
4 77 4 77
28 22 28 22
39 35 39 35
40 5 40 5
18 36 18 36
117 90 117 90
41 38 41 38
65 37 65 37
79 4 79 4
60 10 60 10
60 10 60 10
88 88 88 88
38 19 38 19
82 19 82 19
74 29 74 29
26 26 26 26
103 102 103 102
46 28 46 28
65 22 65 22
