122 122
369
99 106 115 85
27 55 36 37
18 101 34 113
78 5 94 13
101 105 111 92
119 50 119 65
21 74 28 87
2 54 2 68
50 102 38 96
27 37 21 49
116 82 119 69
50 21 63 18
118 47 113 35
102 20 110 30
39 26 29 34
50 118 62 120
61 3 49 3
76 117 87 114
12 28 20 20
18 23 10 31
77 75 82 65
45 56 45 67
3 75 3 64
71 102 81 99
102 69 100 79
104 62 102 52
70 80 60 80
27 66 27 56
35 113 44 117
82 56 77 48
22 17 30 12
29 74 34 82
98 83 92 90
94 109 101 103
35 66 35 57
112 57 112 66
45 4 54 4
96 57 96 66
64 3 73 3
3 59 3 50
57 96 66 96
82 25 74 21
68 43 76 47
15 57 19 65
41 80 37 72
64 49 71 54
73 67 66 72
45 55 50 48
34 10 42 7
6 41 3 49
61 91 53 88
94 35 88 29
25 16 18 20
67 43 59 43
76 4 68 4
57 2 65 2
45 117 52 119
12 93 16 99
92 111 98 107
96 15 102 19
46 69 50 75
70 119 77 118
60 119 67 120
9 33 14 28
118 55 118 48
67 73 60 73
73 58 73 65
69 89 76 89
52 58 52 65
61 72 55 69
66 12 60 9
53 77 59 80
109 66 103 63
59 103 56 109
94 53 92 47
6 81 8 87
55 53 53 59
120 64 118 70
42 24 48 22
70 102 64 103
82 57 83 63
71 118 65 119
62 91 68 91
33 69 33 63
28 72 28 66
90 76 93 71
90 76 93 71
91 43 94 48
113 34 110 29
42 83 39 78
83 84 78 87
81 38 85 42
36 8 41 6
115 82 113 87
13 66 18 64
114 63 109 65
33 55 32 60
71 34 66 33
65 12 64 17
57 29 52 28
48 86 52 89
92 69 92 64
92 54 92 59
79 31 83 34
59 33 64 33
79 92 83 89
91 44 88 40
33 82 36 86
40 34 44 31
66 71 61 71
40 45 43 41
55 68 53 64
29 48 27 52
11 92 9 88
9 34 7 38
97 39 99 43
39 47 37 51
64 111 66 107
62 113 66 111
48 94 44 92
34 9 30 11
89 78 85 80
33 92 36 95
87 94 84 97
18 21 15 24
69 69 72 66
57 17 56 13
5 80 4 76
14 56 10 57
66 13 65 17
107 56 111 57
61 113 57 112
36 44 35 48
95 60 94 64
72 53 73 57
4 75 4 71
67 20 63 20
4 52 4 48
20 55 20 51
20 55 20 51
74 88 78 88
55 102 51 102
19 60 19 56
31 79 29 76
57 12 59 9
48 29 45 31
78 92 75 94
58 43 55 45
76 29 78 32
57 51 56 54
43 6 46 5
91 53 90 50
8 62 9 59
48 32 51 32
76 36 76 33
120 59 120 56
13 65 10 65
103 67 103 64
74 5 77 5
20 72 20 69
63 97 60 97
68 21 71 21
48 32 51 32
64 50 61 50
40 89 38 87
52 47 54 45
85 43 87 45
93 109 91 111
64 106 62 104
10 58 12 56
74 77 72 79
87 29 85 27
72 56 70 54
96 38 94 36
40 89 38 87
43 83 45 85
68 27 70 28
29 12 27 13
74 29 76 30
93 77 94 75
19 66 20 68
16 98 17 100
97 15 95 14
64 113 66 112
10 64 9 62
44 5 42 6
74 118 72 118
94 56 94 54
33 83 35 83
68 90 66 90
57 10 59 10
80 35 80 33
28 57 28 55
57 27 55 27
105 57 105 59
61 18 59 18
59 104 61 104
118 67 120 67
52 35 52 33
87 113 89 113
59 51 58 52
105 22 104 21
28 110 27 109
107 25 108 26
85 81 84 82
99 44 100 45
89 40 90 41
18 59 17 58
75 77 76 76
80 38 81 39
57 111 56 110
44 38 45 39
54 30 53 29
88 94 89 93
90 82 89 83
40 39 39 40
48 35 47 34
83 97 82 98
58 28 59 27
24 107 23 106
29 35 28 36
66 51 67 50
37 43 38 42
51 76 52 76
17 62 17 63
65 107 65 106
29 88 29 89
76 62 75 62
76 62 75 62
66 109 66 110
101 48 101 49
56 103 57 103
118 72 118 71
56 120 57 120
50 36 51 36
100 46 100 47
116 79 116 80
61 90 60 90
91 70 91 71
78 36 79 36
107 57 106 57
84 114 85 114
95 56 95 55
90 112 89 112
92 77 92 78
56 90 55 90
67 27 66 27
26 62 26 63
63 9 64 9
68 119 69 119
99 81 99 80
72 69 72 70
34 70 34 71
60 51 61 51
117 47 117 46
117 76 117 75
117 76 117 75
53 56 53 55
53 56 53 55
60 114 59 114
90 73 90 72
55 32 55 32
59 17 59 17
114 62 114 62
8 37 8 37
46 68 46 68
46 68 46 68
46 68 46 68
58 89 58 89
82 34 82 34
52 29 52 29
52 29 52 29
74 56 74 56
74 56 74 56
74 67 74 67
105 65 105 65
105 65 105 65
73 31 73 31
73 31 73 31
64 74 64 74
64 74 64 74
9 64 9 64
9 64 9 64
9 64 9 64
9 64 9 64
56 12 56 12
56 12 56 12
89 77 89 77
113 89 113 89
65 10 65 10
78 93 78 93
73 36 73 36
69 71 69 71
5 42 5 42
74 94 74 94
87 78 87 78
50 39 50 39
53 119 53 119
113 59 113 59
55 70 55 70
101 19 101 19
63 114 63 114
71 79 71 79
52 39 52 39
52 38 52 38
9 35 9 35
81 7 81 7
82 89 82 89
90 81 90 81
84 26 84 26
60 105 60 105
33 112 33 112
47 38 47 38
75 65 75 65
72 32 72 32
58 17 58 17
79 6 79 6
16 66 16 66
78 30 78 30
111 66 111 66
6 83 6 83
35 84 35 84
91 80 91 80
82 64 82 64
93 48 93 48
74 94 74 94
74 55 74 55
35 72 35 72
30 75 30 75
69 71 69 71
74 59 74 59
63 17 63 17
114 36 114 36
113 65 113 65
93 111 93 111
81 86 81 86
92 79 92 79
73 37 73 37
26 64 26 64
66 16 66 16
70 72 70 72
9 64 9 64
10 59 10 59
81 32 81 32
60 103 60 103
73 31 73 31
96 109 96 109
58 106 58 106
79 117 79 117
105 65 105 65
49 21 49 21
54 36 54 36
33 40 33 40
38 41 38 41
75 39 75 39
48 33 48 33
102 68 102 68
118 78 118 78
35 10 35 10
58 91 58 91
31 112 31 112
46 68 46 68
51 62 51 62
103 59 103 59
75 59 75 59
59 17 59 17
76 94 76 94
103 61 103 61
57 108 57 108
