122 121
451
67 12 86 21
35 23 53 14
14 94 29 106
24 71 20 53
2 62 6 79
81 81 94 70
70 118 53 118
32 110 47 117
120 57 117 42
2 54 5 40
25 106 15 96
108 24 98 14
63 117 77 117
105 98 113 87
91 111 78 115
49 6 37 12
7 81 13 93
60 30 48 36
50 3 63 1
119 70 114 82
77 114 89 109
58 12 70 14
55 59 67 59
90 110 100 104
94 79 99 69
97 66 102 56
11 29 6 39
95 35 95 46
50 2 40 6
53 95 43 91
78 4 88 8
83 25 74 20
19 19 27 13
108 93 102 101
104 21 111 28
93 33 89 24
51 23 42 27
21 33 25 24
24 14 32 9
19 18 14 26
56 96 65 96
57 21 66 21
103 41 103 50
80 53 80 44
34 59 38 67
29 57 33 65
79 5 71 2
47 74 41 68
46 116 54 117
99 102 106 98
94 106 101 102
32 51 33 43
36 35 40 28
66 115 74 114
119 63 119 55
71 116 79 116
15 23 10 29
85 64 80 70
35 110 42 112
48 83 41 81
18 57 12 53
86 22 90 28
96 13 90 9
108 26 113 31
68 6 75 6
45 114 52 114
9 61 16 61
118 64 118 71
19 48 19 41
58 76 51 76
113 61 106 61
110 53 104 56
115 81 112 87
42 73 48 76
8 59 11 53
32 43 35 37
114 35 117 41
56 66 50 63
26 23 30 18
70 3 64 1
77 59 79 53
21 34 20 40
102 40 102 34
59 115 53 115
33 51 33 57
64 76 70 76
55 84 49 84
115 36 112 31
82 72 77 75
17 95 13 91
28 108 24 104
71 23 76 25
9 84 7 79
6 41 8 36
99 67 101 62
58 52 53 54
55 20 60 18
51 21 56 19
74 4 69 2
57 66 62 67
33 8 38 7
59 109 64 108
90 51 89 56
3 53 2 58
41 27 45 24
36 23 33 27
16 62 11 62
78 26 82 29
36 62 39 66
92 61 89 65
32 74 36 77
83 89 79 92
47 60 44 56
56 104 60 101
76 38 79 42
120 60 120 65
16 62 11 62
63 51 58 51
83 11 79 8
94 37 94 42
110 55 114 57
67 66 71 64
48 14 44 16
91 110 95 108
24 65 27 68
27 69 30 72
28 107 31 110
94 20 97 23
111 56 114 59
21 103 18 100
32 83 29 80
76 37 73 34
84 89 87 86
89 85 92 82
87 14 84 11
73 63 76 60
47 37 44 40
13 55 9 56
61 79 57 78
26 44 27 40
64 19 68 18
29 33 30 29
64 18 68 19
65 107 65 103
4 47 4 51
64 85 68 85
51 6 55 6
90 48 90 44
3 65 3 61
66 95 70 95
102 51 102 55
56 85 60 85
57 13 61 13
67 5 63 5
90 32 87 34
40 80 37 78
35 86 32 84
20 17 23 15
72 34 69 32
12 28 14 25
69 56 66 58
72 52 74 49
65 78 62 79
25 72 26 75
55 3 52 2
76 83 79 82
89 40 92 39
52 75 49 74
69 54 66 53
22 59 23 62
57 108 56 105
43 44 44 41
73 94 76 93
100 31 99 28
61 101 64 100
57 5 60 5
20 49 20 52
96 50 96 47
57 14 54 14
119 66 119 69
63 102 66 102
20 49 20 52
58 117 55 117
118 42 118 45
17 57 17 60
50 52 50 49
96 67 94 69
97 14 99 16
13 90 11 88
57 102 59 100
106 60 104 58
36 87 38 89
87 35 89 37
93 107 91 108
38 20 40 19
55 58 53 57
85 29 84 31
17 54 15 53
64 22 66 22
2 59 2 61
63 2 65 2
80 115 82 115
65 31 67 31
42 50 42 48
71 84 69 84
32 44 32 46
91 33 91 35
96 39 96 41
95 51 95 53
5 45 5 43
27 49 27 47
63 86 61 86
43 53 43 51
71 52 71 54
80 27 78 27
114 60 112 60
90 60 92 60
63 30 61 30
64 107 64 109
4 67 4 69
49 4 47 4
78 71 79 70
33 15 34 14
90 59 89 60
88 14 89 15
72 75 73 74
83 31 84 32
35 14 36 13
78 92 77 93
93 80 92 81
112 53 113 54
43 54 44 55
102 17 103 18
111 91 112 90
39 89 40 90
110 93 109 94
19 20 18 21
86 113 85 112
92 17 91 16
36 33 35 34
94 19 93 18
29 79 28 78
73 13 74 14
111 89 110 90
93 58 94 57
50 46 49 45
77 7 78 8
3 71 3 72
70 12 71 12
84 62 84 61
26 46 26 45
84 37 84 38
75 76 76 76
6 77 6 76
61 43 61 42
75 84 74 84
63 19 63 18
83 114 84 114
101 33 101 32
32 53 32 52
32 53 32 52
91 56 92 56
65 66 66 66
49 62 48 62
55 95 54 95
34 36 34 37
75 114 76 114
50 75 49 75
83 34 83 35
113 60 113 59
42 46 42 47
68 13 67 13
69 57 70 57
108 53 107 53
64 52 65 52
57 1 58 1
108 62 107 62
32 53 32 52
53 55 54 55
64 67 63 67
98 26 98 27
43 113 44 113
41 5 40 5
38 6 39 6
49 117 48 117
16 21 16 21
16 21 16 21
16 21 16 21
80 81 80 81
58 108 58 108
58 108 58 108
51 54 51 54
53 56 53 56
53 56 53 56
73 46 73 46
73 46 73 46
85 70 85 70
43 71 43 71
43 4 43 4
51 2 51 2
51 2 51 2
9 60 9 60
9 60 9 60
118 51 118 51
75 14 75 14
75 14 75 14
75 14 75 14
75 14 75 14
66 105 66 105
71 48 71 48
66 107 66 107
66 107 66 107
66 107 66 107
67 38 67 38
67 38 67 38
53 50 53 50
53 50 53 50
69 55 69 55
104 57 104 57
104 57 104 57
53 40 53 40
29 10 29 10
13 92 13 92
13 92 13 92
45 3 45 3
97 105 97 105
118 75 118 75
67 48 67 48
67 48 67 48
101 61 101 61
38 22 38 22
64 60 64 60
34 24 34 24
102 59 102 59
85 65 85 65
84 21 84 21
9 34 9 34
35 35 35 35
64 103 64 103
46 16 46 16
61 47 61 47
72 43 72 43
91 9 91 9
67 44 67 44
116 38 116 38
56 5 56 5
40 71 40 71
68 32 68 32
35 60 35 60
34 112 34 112
66 104 66 104
61 11 61 11
61 11 61 11
82 69 82 69
51 63 51 63
83 71 83 71
48 74 48 74
91 30 91 30
92 28 92 28
58 43 58 43
60 19 60 19
83 26 83 26
36 113 36 113
1 57 1 57
1 57 1 57
64 115 64 115
89 8 89 8
24 63 24 63
67 58 67 58
108 95 108 95
70 46 70 46
69 46 69 46
58 18 58 18
114 85 114 85
66 12 66 12
93 30 93 30
99 104 99 104
86 39 86 39
73 52 73 52
41 72 41 72
101 103 101 103
116 79 116 79
74 16 74 16
117 77 117 77
111 62 111 62
106 56 106 56
34 109 34 109
70 64 70 64
64 37 64 37
61 52 61 52
117 40 117 40
89 44 89 44
88 63 88 63
44 115 44 115
68 65 68 65
76 7 76 7
81 23 81 23
67 48 67 48
79 43 79 43
76 3 76 3
61 46 61 46
65 115 65 115
88 111 88 111
35 7 35 7
35 7 35 7
56 44 56 44
60 11 60 11
56 58 56 58
58 47 58 47
43 45 43 45
64 43 64 43
109 91 109 91
53 64 53 64
67 38 67 38
119 49 119 49
11 30 11 30
75 20 75 20
55 48 55 48
59 101 59 101
53 41 53 41
61 60 61 60
75 14 75 14
31 28 31 28
31 29 31 29
71 75 71 75
75 14 75 14
18 56 18 56
88 59 88 59
84 19 84 19
9 60 9 60
58 38 58 38
64 47 64 47
86 57 86 57
2 55 2 55
10 32 10 32
48 15 48 15
38 114 38 114
73 46 73 46
67 78 67 78
67 39 67 39
40 18 40 18
53 56 53 56
57 12 57 12
85 22 85 22
44 72 44 72
58 108 58 108
79 22 79 22
53 46 53 46
3 45 3 45
82 18 82 18
70 41 70 41
