201 165
51
161 163 63 163
156 122 58 122
70 37 14 37
57 122 3 122
131 77 184 77
74 2 126 2
62 163 17 163
199 122 157 122
192 163 162 163
129 64 129 42
128 46 128 27
72 2 72 20
127 11 127 28
130 56 130 73
71 21 71 37
3 114 3 127
5 99 5 109
4 117 4 107
10 65 9 74
126 3 126 12
126 3 126 12
7 159 7 150
4 135 4 126
6 92 6 101
5 134 5 143
6 151 6 142
8 77 8 85
7 85 7 93
12 55 12 48
197 135 197 128
192 77 185 77
196 141 196 134
194 153 194 147
197 115 197 109
193 87 193 81
198 124 198 130
195 141 195 147
195 95 195 101
194 88 194 94
196 102 196 108
131 76 131 70
193 153 193 159
8 163 8 158
13 43 12 47
11 61 10 64
192 159 192 162
11 57 11 60
9 77 9 75
11 54 11 56
198 116 198 118
198 119 198 119
