226 190
184
158 172 199 138
95 53 56 27
95 154 126 179
178 117 158 133
139 187 157 173
11 108 29 96
94 123 94 144
86 161 69 173
30 135 45 147
139 178 139 159
197 102 211 91
54 184 68 174
37 177 49 187
58 36 58 51
181 55 169 47
140 147 151 138
216 76 204 69
47 145 58 137
212 90 223 82
23 166 14 157
89 8 78 14
222 94 224 82
57 41 57 29
59 49 59 61
118 16 128 22
188 59 198 65
149 35 139 29
76 66 85 59
82 121 91 114
39 90 48 83
72 128 81 121
206 132 215 125
56 78 47 85
29 170 37 178
22 164 30 172
93 113 93 124
114 13 105 8
150 36 159 41
8 144 10 154
111 126 119 132
70 69 62 75
200 137 208 131
3 113 11 107
108 124 100 118
95 153 95 143
219 115 216 124
140 158 140 149
28 134 22 128
28 134 22 128
131 24 138 28
217 77 224 81
6 131 7 139
46 158 45 150
138 179 138 187
84 61 90 56
84 61 90 56
132 183 126 178
56 79 62 74
33 94 39 89
16 124 10 119
9 118 3 114
123 135 129 139
17 124 22 129
93 155 88 160
189 108 184 113
189 109 194 104
48 181 48 174
48 181 48 174
64 133 59 137
70 70 75 66
66 132 71 128
133 184 138 188
152 138 157 134
5 123 5 129
220 104 220 110
5 123 5 129
5 123 5 129
47 170 47 164
221 98 221 104
4 123 4 117
60 62 60 68
220 104 220 110
95 4 90 7
102 6 97 3
180 116 184 112
11 155 15 159
50 187 48 182
182 55 186 58
164 44 160 42
203 68 199 66
95 114 98 117
219 112 218 116
46 159 46 163
165 45 168 47
61 24 64 22
130 140 133 142
73 17 70 19
30 95 33 93
8 143 7 140
8 143 7 140
77 15 74 16
57 26 60 25
56 31 56 28
94 155 92 157
53 185 51 187
194 105 196 103
65 22 67 21
60 179 62 179
47 173 47 171
65 72 67 72
30 96 28 96
92 114 94 114
66 175 67 174
134 184 135 185
191 144 190 145
52 185 51 186
71 172 70 173
111 166 112 167
122 175 121 174
116 170 117 171
81 164 82 163
202 136 201 137
115 14 116 15
13 106 14 105
68 20 69 19
137 145 136 144
99 158 98 157
45 185 44 184
45 185 44 184
29 134 28 133
29 134 28 133
85 161 84 162
135 144 134 143
135 144 134 143
135 144 134 143
55 184 56 183
223 92 223 91
104 7 103 7
219 110 219 111
6 129 6 130
82 62 82 62
197 65 197 65
33 137 33 137
106 8 106 8
106 8 106 8
63 31 63 31
163 44 163 44
85 47 85 47
42 87 42 87
42 87 42 87
94 54 94 54
22 100 22 100
171 49 171 49
76 65 76 65
59 76 59 76
78 166 78 166
60 29 60 29
60 29 60 29
131 183 131 183
214 125 214 125
6 115 6 115
6 115 6 115
8 110 8 110
82 45 82 45
59 181 59 181
39 143 39 143
218 121 218 121
107 163 107 163
119 16 119 16
22 100 22 100
75 39 75 39
73 67 73 67
45 149 45 149
161 131 161 131
187 58 187 58
4 114 4 114
91 51 91 51
208 93 208 93
19 102 19 102
179 116 179 116
72 37 72 37
7 142 7 142
215 76 215 76
79 43 79 43
