226 190
188
52 71 20 96
99 53 123 71
133 36 155 19
162 118 139 133
53 70 73 55
193 98 211 86
132 37 132 58
87 23 87 44
133 57 133 78
106 174 122 183
88 4 88 22
162 14 175 4
3 109 16 99
118 26 131 36
90 164 104 172
81 158 67 150
167 55 180 46
31 50 19 60
36 46 48 36
65 22 77 12
210 67 198 57
153 64 141 73
166 56 154 64
168 130 168 144
169 143 169 157
169 143 169 157
20 121 32 128
14 117 2 110
46 137 58 144
142 145 131 138
44 136 33 129
88 3 78 11
119 182 130 188
217 38 219 50
5 94 3 106
142 181 152 175
193 16 201 24
141 182 132 187
80 158 89 163
59 145 68 150
124 71 132 77
200 22 207 29
206 27 213 34
187 11 194 18
181 6 188 13
51 34 58 27
164 160 156 155
171 112 163 117
143 146 151 151
211 68 218 74
139 132 132 137
185 46 191 52
63 23 57 29
216 83 223 79
167 123 167 131
155 173 161 169
78 51 72 55
157 18 163 14
12 66 17 61
191 51 196 56
217 37 212 32
221 57 221 64
179 22 179 15
223 68 223 75
180 30 180 23
178 7 178 14
181 31 181 38
170 156 170 163
220 51 220 58
184 104 189 100
79 50 84 46
8 72 8 78
222 63 222 69
139 74 134 77
155 154 150 151
155 154 150 151
177 108 182 105
181 7 176 4
102 14 98 10
6 88 5 93
182 39 182 44
117 25 113 22
108 18 112 21
89 46 93 49
93 7 89 4
165 161 169 163
170 164 166 166
9 70 11 66
15 118 19 120
103 172 107 174
49 35 52 32
49 35 52 32
186 48 183 45
186 48 183 45
217 72 220 75
95 50 98 53
106 17 103 14
7 82 6 86
32 49 35 47
162 169 165 167
173 111 176 109
7 78 7 81
16 63 18 61
192 98 190 100
77 51 79 49
156 19 154 21
222 76 224 78
49 73 51 71
96 9 94 7
17 98 19 97
17 98 19 97
17 98 19 97
67 60 65 60
22 95 23 94
80 10 81 9
64 23 63 24
55 69 54 70
171 8 170 9
58 67 59 66
212 68 213 69
221 76 222 77
213 85 212 86
45 76 46 75
150 24 151 23
45 38 46 37
75 13 74 14
86 45 85 46
134 35 135 34
75 13 74 14
75 13 74 14
219 51 219 52
215 84 214 84
215 84 214 84
215 84 214 84
9 71 9 72
2 109 2 108
218 46 218 47
4 96 4 97
88 163 88 163
139 31 139 31
177 3 177 3
209 88 209 88
177 6 177 6
177 6 177 6
177 6 177 6
150 125 150 125
9 104 9 104
9 104 9 104
99 170 99 170
111 176 111 176
111 176 111 176
163 160 163 160
31 88 31 88
34 47 34 47
22 58 22 58
91 164 91 164
154 154 154 154
154 154 154 154
94 8 94 8
11 116 11 116
138 142 138 142
34 130 34 130
57 144 57 144
165 122 165 122
165 122 165 122
29 127 29 127
125 32 125 32
21 121 21 121
41 79 41 79
163 160 163 160
166 12 166 12
3 107 3 107
55 143 55 143
13 117 13 117
49 138 49 138
93 165 93 165
39 132 39 132
144 146 144 146
42 134 42 134
135 140 135 140
172 111 172 111
177 6 177 6
68 20 68 20
141 131 141 131
153 123 153 123
144 129 144 129
63 63 63 63
27 91 27 91
