55 67
47
40 37 40 60
15 32 15 55
24 26 38 36
42 21 30 12
52 40 52 53
53 40 53 28
18 4 26 10
15 20 23 25
49 30 43 36
13 4 6 8
27 63 27 55
27 65 33 60
47 33 52 28
3 19 4 25
2 11 2 17
27 64 22 61
20 59 15 56
39 62 44 59
41 37 45 33
9 27 13 31
10 17 6 13
10 29 6 26
14 19 10 16
27 53 31 56
46 24 43 21
46 24 43 21
46 24 43 21
13 3 17 3
38 61 35 59
38 61 35 59
4 12 6 14
27 10 29 12
27 10 29 12
49 26 47 24
48 56 46 58
3 10 5 9
39 36 41 36
3 24 5 24
34 58 34 60
52 29 51 30
22 25 23 26
50 26 51 27
32 31 33 32
50 55 49 55
5 25 6 25
16 20 16 20
16 20 16 20
