70 51
66
65 16 48 33
8 41 31 45
32 14 43 3
50 45 48 34
34 11 27 18
64 16 57 23
10 18 3 25
55 44 61 38
22 29 30 30
42 32 34 31
48 48 55 45
50 13 55 8
18 18 11 17
26 19 19 18
4 37 4 30
10 26 3 26
66 19 66 26
54 14 60 14
48 4 54 4
64 34 68 30
57 5 59 10
41 47 36 46
16 28 21 28
62 15 59 11
11 18 8 21
3 24 6 21
11 18 8 21
42 47 46 48
60 38 63 36
3 28 2 25
3 29 3 32
44 3 47 3
5 37 5 40
40 7 42 5
11 42 13 41
35 46 33 46
67 27 67 29
54 13 52 13
11 27 13 27
63 15 65 15
56 7 56 5
32 45 34 45
44 33 46 33
52 48 53 47
33 31 32 30
14 27 15 27
23 43 22 43
18 42 17 42
65 18 65 17
49 44 49 43
6 40 7 40
29 44 28 44
51 48 51 49
38 47 38 47
47 48 47 48
43 4 43 4
51 13 51 13
39 46 39 46
43 32 43 32
50 14 50 14
58 5 58 5
59 39 59 39
55 5 55 5
50 46 50 46
49 42 49 42
27 44 27 44
