178 197
170
48 68 25 51
140 53 163 37
97 59 97 84
136 95 156 80
98 60 98 36
95 163 112 150
51 139 51 119
36 179 51 192
50 118 50 99
53 160 53 179
52 140 52 159
49 98 49 79
157 16 141 7
113 73 127 62
31 19 45 11
35 178 23 168
13 29 26 22
15 153 15 140
134 115 134 102
133 127 133 114
84 172 94 164
19 47 9 40
9 85 9 97
14 131 14 143
72 53 81 46
65 187 56 194
5 59 5 48
8 76 8 87
108 76 100 82
83 173 75 179
91 40 83 46
54 180 54 190
54 180 54 190
51 66 59 61
71 53 63 58
118 13 110 18
79 24 71 19
89 30 97 35
170 32 162 37
173 56 173 47
174 48 174 39
48 69 48 78
172 64 172 55
175 31 175 40
4 41 4 50
12 117 11 109
12 117 11 109
12 121 13 129
134 3 127 7
10 100 11 108
12 30 5 34
7 73 6 65
16 158 16 150
132 126 132 134
129 136 123 141
157 79 163 75
129 61 135 57
61 13 55 9
72 181 67 186
55 195 50 190
6 57 6 64
135 103 135 96
46 10 52 7
61 12 66 16
113 149 118 145
92 39 98 37
171 63 171 69
101 24 96 27
119 12 124 9
170 70 165 73
10 94 10 99
176 32 176 27
108 19 104 22
168 22 172 25
168 23 164 20
20 48 24 51
162 19 158 17
84 44 81 47
18 164 21 167
17 159 17 163
3 36 3 40
7 74 7 78
13 130 13 134
122 142 119 144
136 56 139 54
30 20 27 21
172 31 169 32
135 4 138 5
20 165 22 167
20 165 22 167
67 16 69 18
113 72 111 74
80 25 82 26
174 28 173 30
8 39 6 38
12 118 12 120
12 118 12 120
13 122 13 124
145 89 144 90
124 65 123 66
38 180 39 181
60 60 61 59
158 79 157 80
155 42 156 41
66 186 67 185
72 182 73 181
141 92 140 93
174 26 173 25
62 59 61 60
145 50 144 51
158 40 159 39
86 28 87 29
130 136 131 135
152 84 153 83
125 140 126 139
137 56 138 55
125 9 126 8
86 43 87 42
83 26 84 27
141 53 142 52
102 23 103 22
148 87 149 86
82 173 81 174
95 28 94 28
5 37 4 37
139 6 140 6
139 6 140 6
7 68 7 67
7 68 7 67
7 68 7 67
7 68 7 67
11 115 11 114
11 115 11 114
49 67 50 67
10 105 10 106
54 8 53 8
54 8 53 8
164 74 165 74
125 8 125 8
110 75 110 75
110 75 110 75
85 28 85 28
26 170 26 170
172 30 172 30
101 158 101 158
77 178 77 178
149 46 149 46
161 19 161 19
91 32 91 32
46 66 46 66
163 20 163 20
165 36 165 36
137 95 137 95
106 77 106 77
70 53 70 53
11 41 11 41
161 38 161 38
116 146 116 146
151 46 151 46
106 21 106 21
106 154 106 154
111 150 111 150
142 7 142 7
109 75 109 75
87 169 87 169
162 75 162 75
148 48 148 48
75 50 75 50
115 148 115 148
98 83 98 83
