51 64
62
31 61 13 43
10 4 27 21
25 2 38 15
21 52 30 61
40 34 49 43
34 10 43 19
18 13 10 5
34 46 26 38
48 43 39 45
8 10 8 19
7 25 7 17
24 2 29 7
26 30 25 37
44 39 39 34
14 3 21 3
6 24 6 31
9 6 9 13
12 47 12 54
35 60 42 60
4 45 4 38
32 20 39 20
45 59 48 53
6 52 3 46
33 52 35 46
27 23 26 29
10 57 16 57
5 38 5 32
31 36 26 37
23 55 18 56
48 49 49 45
47 54 48 50
43 20 42 24
32 56 31 60
41 27 41 31
38 34 35 35
27 22 30 21
13 44 13 47
9 56 7 54
34 35 32 36
36 46 38 45
13 4 11 4
15 56 17 56
34 61 32 61
21 2 23 2
11 54 11 56
40 59 42 59
3 45 3 44
44 59 43 59
12 58 11 58
10 6 10 7
42 25 42 26
41 19 42 19
44 58 45 58
32 54 32 55
40 32 40 33
33 53 33 53
7 53 7 53
47 58 47 58
49 44 49 44
3 49 3 49
40 19 40 19
47 51 47 51
