64 51
64
62 20 58 5
20 9 11 18
3 27 12 18
22 24 13 33
23 10 35 13
30 46 42 48
52 30 44 38
46 13 44 2
53 29 61 22
7 40 14 33
44 20 38 27
41 6 35 11
19 44 12 43
43 48 50 49
43 3 38 8
45 3 52 4
43 3 38 8
21 20 21 13
21 45 28 45
11 43 5 40
55 44 58 38
3 28 4 34
3 28 4 34
58 20 52 19
57 32 57 38
62 21 57 19
36 17 37 22
56 32 56 27
45 19 47 15
51 48 54 45
4 35 5 39
53 4 57 5
31 26 35 26
47 39 51 39
58 24 60 21
25 24 22 23
47 18 50 18
29 25 26 25
20 44 22 44
51 3 49 3
29 46 27 46
53 40 55 40
42 5 43 4
54 29 55 28
37 27 36 27
5 42 6 42
38 25 38 24
45 38 46 38
37 24 37 23
40 47 39 47
36 16 36 15
35 14 35 15
22 9 21 9
38 26 38 26
56 41 56 41
60 8 60 8
36 20 36 20
49 48 49 48
58 41 58 41
36 11 36 11
45 2 45 2
16 43 16 43
32 11 32 11
46 2 46 2
