178 197
157
50 61 124 2
81 161 81 136
82 113 82 137
127 78 127 58
125 3 140 16
126 57 126 38
125 18 125 37
129 118 129 99
128 98 128 79
45 74 45 92
46 80 46 65
132 187 144 180
23 182 11 175
64 126 75 118
163 39 163 52
21 157 31 149
4 169 14 161
147 21 156 30
156 173 145 179
33 109 23 116
53 134 63 127
125 132 115 139
164 60 164 48
96 171 106 177
92 168 82 162
114 140 104 146
141 16 149 24
165 58 165 69
166 67 166 78
116 183 125 189
167 86 167 76
124 17 124 7
168 85 168 95
9 127 17 121
34 108 42 102
63 182 55 188
130 129 130 119
153 26 160 33
95 152 103 147
92 154 84 159
145 140 153 145
162 34 162 43
4 148 4 157
44 92 44 101
3 165 3 156
173 131 173 140
74 175 81 171
172 130 172 122
38 144 32 149
44 140 50 136
18 120 24 116
160 150 166 154
170 113 170 106
136 134 131 130
124 134 129 130
15 161 20 157
7 128 6 134
6 135 5 141
175 156 175 150
2 170 2 164
143 138 138 135
33 187 38 190
107 178 112 181
154 146 159 149
73 176 68 179
39 191 44 193
32 187 28 184
169 100 169 95
49 191 45 194
171 164 167 167
171 116 171 121
54 188 50 191
47 63 47 68
24 182 28 185
161 170 157 172
127 190 131 188
91 168 95 170
162 169 166 167
63 183 66 180
5 144 6 140
174 145 175 149
169 101 170 105
174 144 174 140
5 149 5 145
76 117 79 115
167 155 170 157
85 168 82 170
176 157 175 160
8 173 5 172
115 183 113 181
159 31 161 33
173 159 171 158
3 169 4 171
171 113 171 115
48 62 49 61
173 163 172 164
63 50 64 49
31 110 32 109
31 110 32 109
31 110 32 109
41 142 42 141
40 104 39 105
36 107 35 108
51 135 52 134
58 54 59 53
53 58 54 57
43 141 42 142
11 125 12 124
40 143 39 144
136 133 137 134
176 161 176 160
176 161 176 160
176 161 176 160
94 153 93 153
94 153 93 153
83 160 82 160
9 174 10 174
176 161 176 160
81 114 80 114
174 148 174 149
128 130 128 130
8 127 8 127
21 156 21 156
19 120 19 120
16 121 16 121
55 187 55 187
102 147 102 147
27 114 27 114
27 114 27 114
27 114 27 114
69 179 69 179
146 140 146 140
116 138 116 138
110 179 110 179
110 179 110 179
110 179 110 179
49 136 49 136
49 136 49 136
49 136 49 136
88 30 88 30
88 30 88 30
88 30 88 30
172 159 172 159
85 159 85 159
77 174 77 174
77 174 77 174
77 174 77 174
77 174 77 174
99 172 99 172
116 138 116 138
12 175 12 175
68 46 68 46
83 162 83 162
27 114 27 114
113 140 113 140
174 160 174 160
78 38 78 38
