54 69
50
41 32 41 58
16 2 16 27
21 5 39 19
17 56 28 49
3 36 3 23
16 45 16 58
4 23 4 11
28 36 28 48
51 28 42 21
15 44 24 39
28 35 21 30
40 59 33 63
42 33 48 38
53 41 47 45
7 33 13 29
19 60 25 64
47 36 52 41
52 29 52 35
36 54 41 57
33 52 29 49
46 46 42 48
28 66 32 64
13 4 10 7
6 37 9 40
18 28 14 28
5 10 8 8
11 41 14 43
29 65 26 65
21 31 19 29
20 5 18 3
19 43 17 44
25 38 27 37
4 35 5 37
53 38 53 40
53 35 53 37
14 4 15 3
25 34 24 33
52 40 51 39
43 33 42 34
41 21 40 20
18 59 17 59
34 53 35 53
6 34 5 34
44 34 44 34
44 34 44 34
44 34 44 34
31 51 31 51
29 50 29 50
9 7 9 7
38 56 38 56
