225 189
183
151 52 205 95
51 4 94 36
50 109 7 80
14 32 35 14
138 3 156 18
118 17 135 4
93 46 93 67
61 55 45 44
216 67 201 55
138 14 138 33
72 123 88 133
113 62 99 72
76 66 62 56
32 53 44 43
168 28 157 19
58 129 58 143
57 142 57 156
91 184 79 177
78 176 66 169
187 131 198 124
5 60 7 48
104 28 95 35
50 108 59 115
137 2 137 13
3 78 3 67
92 77 92 66
98 186 107 180
199 123 208 118
151 153 160 148
7 47 9 37
65 157 73 151
94 37 94 47
128 51 136 45
45 5 38 12
143 158 135 163
117 174 109 179
169 142 161 147
46 28 46 19
139 34 139 43
45 29 45 38
47 9 47 18
85 143 92 138
58 113 65 118
181 39 175 33
198 53 192 47
13 69 19 63
217 76 216 68
182 134 175 138
71 122 64 118
94 137 87 133
59 130 59 122
221 95 221 103
56 155 56 163
4 76 10 71
76 149 82 145
121 56 127 52
187 43 192 48
24 59 19 64
175 34 170 29
186 43 181 38
222 101 222 108
57 164 63 167
114 61 119 57
220 93 219 87
4 62 4 68
77 67 82 70
144 157 149 154
214 114 209 117
98 73 93 76
216 104 212 100
84 71 88 75
114 20 110 24
146 48 150 52
207 96 211 100
137 44 142 45
125 169 121 172
129 167 133 164
9 36 13 33
218 78 218 83
60 160 64 157
15 32 18 29
14 67 11 70
24 60 27 57
143 46 146 49
2 73 2 77
31 54 28 56
105 27 108 25
48 5 49 2
186 132 183 133
220 97 220 94
44 39 44 42
198 52 200 54
6 80 4 78
154 17 152 15
149 13 147 11
216 103 218 105
7 73 9 71
46 5 44 7
115 20 117 18
120 172 118 173
120 172 118 173
120 172 118 173
120 172 118 173
170 141 172 140
94 186 96 187
120 172 118 173
57 162 59 161
5 61 5 63
5 61 5 63
223 107 223 109
23 90 21 90
53 111 55 111
48 6 48 8
2 75 4 75
219 84 219 86
207 97 206 96
83 71 84 72
74 151 75 150
203 56 204 57
203 56 204 57
127 168 126 169
219 106 220 107
46 45 47 46
170 30 169 29
88 74 89 75
84 131 85 132
173 140 174 139
36 13 37 12
36 13 37 12
159 20 158 19
159 20 158 19
101 71 100 72
119 58 120 57
215 114 216 113
215 114 216 113
215 114 216 113
215 114 216 113
159 20 158 19
143 8 142 7
12 33 11 34
62 117 61 116
64 168 65 168
92 185 93 185
90 76 91 76
8 46 8 45
84 144 83 144
29 94 29 94
29 94 29 94
29 94 29 94
90 134 90 134
35 98 35 98
35 98 35 98
35 98 35 98
128 167 128 167
80 177 80 177
15 86 15 86
60 54 60 54
81 70 81 70
74 65 74 65
79 128 79 128
41 45 41 45
217 71 217 71
97 73 97 73
9 82 9 82
73 123 73 123
64 57 64 57
47 4 47 4
47 4 47 4
219 90 219 90
15 86 15 86
23 25 23 25
87 142 87 142
50 48 50 48
128 167 128 167
150 154 150 154
108 65 108 65
155 56 155 56
67 119 67 119
208 60 208 60
44 104 44 104
67 169 67 169
93 138 93 138
77 176 77 176
