67 55
49
37 40 62 40
32 15 56 15
18 39 27 51
12 4 21 16
21 17 30 29
12 29 3 17
11 29 19 39
2 15 9 5
53 27 65 27
60 20 64 28
31 31 36 38
37 53 45 52
36 53 28 53
27 8 23 3
52 52 46 52
18 3 24 3
17 2 11 2
33 46 36 41
29 10 32 14
57 32 54 28
58 46 55 49
58 46 55 49
29 51 32 48
58 46 55 49
59 19 57 16
61 33 59 36
61 39 60 36
12 3 9 4
58 45 60 43
63 30 61 32
55 50 53 52
7 7 8 6
27 7 26 6
29 52 30 51
54 29 53 28
58 34 57 33
29 11 29 11
29 11 29 11
28 9 28 9
61 42 61 42
61 42 61 42
61 42 61 42
15 35 15 35
15 35 15 35
32 47 32 47
29 11 29 11
6 22 6 22
27 52 27 52
61 41 61 41
