69 55
69
24 28 50 28
25 11 9 31
24 53 15 40
58 16 50 27
42 3 55 3
59 15 46 15
33 40 46 40
46 41 58 41
30 4 42 4
3 40 14 40
66 26 61 19
59 41 54 34
64 33 60 40
29 46 25 52
10 49 5 44
28 33 32 38
12 52 18 52
7 45 3 41
8 33 5 37
28 7 24 10
53 33 51 29
19 34 22 31
30 44 33 41
22 13 25 10
18 36 16 39
63 15 61 12
51 7 53 4
20 53 23 53
21 15 19 17
27 7 29 5
49 11 47 13
58 8 60 10
26 30 28 32
66 30 67 28
62 16 60 16
11 51 10 50
11 51 10 50
20 48 19 47
22 30 23 29
57 6 58 7
51 8 50 9
11 51 10 50
60 17 61 18
65 31 64 32
17 44 17 44
17 44 17 44
23 52 23 52
30 45 30 45
55 36 55 36
16 43 16 43
16 43 16 43
51 27 51 27
32 41 32 41
4 38 4 38
57 39 57 39
31 44 31 44
56 4 56 4
30 45 30 45
56 5 56 5
60 11 60 11
47 14 47 14
59 40 59 40
4 39 4 39
62 17 62 17
62 17 62 17
62 17 62 17
62 17 62 17
62 17 62 17
62 17 62 17
