201 165
55
57 43 155 43
106 2 184 2
10 2 70 2
70 88 10 88
75 163 129 163
132 128 185 128
56 43 4 43
156 43 199 43
71 2 105 2
73 116 73 136
72 98 72 118
74 154 74 134
130 152 130 137
71 100 71 88
189 113 189 123
75 162 75 152
197 52 197 61
190 115 190 106
5 58 6 66
195 68 195 76
196 68 196 60
192 91 192 99
191 99 191 107
131 136 131 128
197 33 197 25
129 161 129 153
195 12 195 20
4 36 3 43
8 8 8 15
193 91 193 84
188 121 188 128
194 76 194 83
194 13 194 6
198 39 198 32
7 21 7 14
196 19 196 26
5 27 5 33
6 27 6 21
198 49 199 44
7 73 7 68
193 7 193 2
4 55 4 50
10 87 9 83
198 50 198 54
9 6 10 3
9 7 9 10
3 46 3 49
4 35 4 33
8 79 8 77
8 74 8 76
9 80 9 82
199 38 199 40
5 57 5 56
199 41 199 42
3 39 3 39
