55 69
63
28 47 28 25
16 58 28 48
28 23 16 32
17 15 28 24
15 45 15 58
52 42 52 29
41 58 41 45
3 23 3 11
53 41 53 53
31 65 40 58
16 45 16 34
19 61 28 67
16 2 24 8
32 14 40 20
53 54 46 58
36 54 29 50
11 6 4 10
10 28 4 24
10 18 16 15
41 21 46 25
35 54 40 57
50 28 46 24
16 33 12 29
16 3 16 8
44 47 48 50
49 51 52 53
9 19 6 21
40 62 43 60
28 11 25 9
12 5 15 3
15 11 15 14
31 13 29 12
12 30 11 29
50 27 51 28
19 60 18 59
17 59 18 60
44 59 45 59
44 59 45 59
43 46 42 46
4 22 5 22
29 66 30 66
15 9 15 10
5 24 5 24
27 22 27 22
10 6 10 6
42 21 42 21
42 21 42 21
30 12 30 12
15 31 15 31
15 31 15 31
11 18 11 18
18 3 18 3
31 50 31 50
22 54 22 54
40 45 40 45
26 10 26 10
29 49 29 49
10 6 10 6
38 19 38 19
33 53 33 53
16 57 16 57
5 24 5 24
20 54 20 54
