54 69
53
40 67 40 42
9 44 24 56
14 25 14 11
14 12 25 4
28 33 39 25
52 58 52 45
40 11 40 24
5 29 15 37
15 24 15 36
53 45 53 33
3 40 3 29
27 24 27 33
26 3 34 7
34 38 28 34
39 11 33 7
43 65 48 60
52 34 47 37
20 15 15 12
46 38 41 41
3 28 7 32
47 29 43 26
39 42 35 39
26 57 30 60
27 20 31 17
27 23 25 19
41 66 44 63
8 25 11 22
48 61 51 58
5 41 8 44
21 16 24 18
36 14 39 12
35 15 32 17
7 25 4 27
13 21 11 23
50 31 52 33
34 63 36 65
21 6 23 6
21 6 23 6
21 6 23 6
21 6 23 6
9 33 10 34
9 33 10 34
48 30 49 31
31 30 30 31
18 8 17 9
31 61 32 62
41 25 42 25
41 25 42 25
28 3 28 3
26 4 26 4
28 32 28 32
29 34 29 34
33 62 33 62
