51 64
66
20 3 38 21
19 3 5 6
5 7 2 20
18 53 27 62
26 31 23 43
18 17 6 20
46 33 48 21
27 27 19 19
10 28 2 21
29 48 37 55
34 61 42 59
13 49 18 54
44 11 49 16
10 34 10 41
39 17 39 10
19 14 19 7
11 29 11 36
45 35 45 42
12 48 9 42
34 8 40 6
33 8 27 9
13 44 19 44
48 19 47 24
26 8 23 5
38 56 41 59
25 44 28 47
33 61 29 62
43 51 44 47
24 28 20 28
43 56 43 52
40 8 43 9
42 55 42 58
9 45 12 45
44 43 44 46
15 29 18 29
5 23 3 21
12 30 12 32
22 43 20 43
49 17 49 15
46 36 46 34
39 7 41 7
24 27 26 27
18 14 18 16
22 4 20 4
38 17 38 19
38 20 37 21
28 10 29 11
48 17 49 18
14 30 13 30
27 29 27 28
7 5 6 5
10 4 11 4
35 7 35 7
35 7 35 7
20 6 20 6
44 10 44 10
40 9 40 9
46 28 46 28
21 3 21 3
47 30 47 30
26 30 26 30
20 5 20 5
37 8 37 8
4 21 4 21
4 21 4 21
4 21 4 21
