70 51
53
26 21 44 3
29 36 46 19
62 21 47 18
67 33 59 41
50 49 58 41
26 22 28 33
61 22 54 29
12 35 5 42
4 26 10 20
62 20 60 12
17 20 25 21
25 35 17 35
12 23 12 30
4 38 4 31
57 31 64 31
60 11 57 5
53 5 59 6
67 26 68 32
48 4 54 4
57 25 53 29
66 22 64 17
42 48 47 49
32 46 27 46
33 47 38 47
15 44 20 44
9 43 14 43
46 12 47 16
11 19 15 19
13 34 17 34
3 27 3 31
53 30 57 30
45 8 46 11
8 42 5 41
13 30 13 33
28 36 25 36
23 45 26 45
66 25 66 23
39 48 41 48
47 3 45 3
5 39 5 40
45 7 45 6
15 20 16 20
67 32 66 32
44 5 44 4
29 34 29 35
21 45 22 45
65 32 64 32
63 17 63 17
63 17 63 17
11 21 11 21
46 15 46 15
61 18 61 18
11 20 11 20
