195 168
61
29 167 127 167
86 39 184 39
15 126 113 126
131 79 193 79
69 3 16 3
183 121 139 121
70 39 70 3
135 126 114 126
9 167 28 167
71 19 71 36
188 51 191 67
71 39 85 39
133 96 133 109
134 120 134 107
135 130 135 118
132 85 132 97
6 157 8 167
4 126 14 126
5 140 5 150
133 141 133 150
4 140 4 131
134 131 134 140
132 151 132 160
10 57 11 49
15 12 16 4
6 148 6 156
12 43 12 35
6 88 6 96
4 106 4 114
7 87 7 79
5 97 5 105
8 70 8 78
15 13 14 20
192 69 192 76
131 80 131 86
193 75 193 81
9 69 9 63
131 167 131 161
185 39 187 44
191 88 191 93
191 88 191 93
188 105 188 110
187 116 187 111
189 104 189 99
3 131 3 126
192 87 192 82
10 58 9 62
7 156 7 160
14 25 14 21
186 121 186 117
11 44 11 48
3 119 3 115
190 94 190 98
187 45 187 49
13 31 13 34
130 167 128 167
13 28 13 30
13 26 13 27
189 53 189 54
190 64 190 65
186 43 186 43
