175 215
156
15 94 50 122
56 126 81 145
92 189 112 206
154 187 138 200
90 66 74 54
19 60 34 72
125 165 125 146
82 146 82 165
150 75 165 64
123 203 123 185
83 164 83 182
127 108 127 126
124 166 124 184
126 127 126 145
53 40 65 49
114 81 126 90
168 100 168 115
143 40 155 48
155 47 167 55
166 132 166 118
167 123 167 109
48 22 36 29
39 68 39 55
164 137 164 150
165 128 165 141
38 57 38 44
171 73 171 86
163 159 163 146
172 67 172 79
169 106 169 94
8 46 18 40
110 20 100 14
74 55 65 48
109 202 117 210
98 13 90 7
112 80 104 75
17 97 10 91
4 62 4 53
37 36 37 45
5 70 5 61
128 107 128 98
95 69 102 74
137 37 130 32
117 24 124 29
7 82 9 90
72 8 79 4
162 161 161 169
6 69 6 77
64 13 70 9
64 13 70 9
64 13 70 9
64 13 70 9
29 33 23 37
84 4 90 8
128 209 122 213
38 75 33 70
160 181 161 174
161 170 160 177
120 212 115 207
40 76 40 69
122 211 122 204
55 18 49 21
155 186 160 182
15 58 20 62
7 52 12 56
169 93 171 87
137 85 132 88
168 56 173 59
144 79 140 83
41 33 37 29
35 30 37 35
162 155 162 160
162 155 162 160
116 24 112 21
87 185 91 188
90 65 94 68
170 97 170 92
165 65 169 62
3 49 3 54
131 206 127 209
138 37 142 40
34 30 30 33
132 205 136 202
172 60 168 62
56 17 60 15
151 189 154 186
53 41 50 38
44 35 41 32
47 36 50 39
173 68 172 64
55 125 52 123
125 29 128 31
137 201 134 203
7 47 4 48
19 39 22 38
19 39 22 38
173 60 173 63
38 40 38 43
170 82 170 85
138 84 140 82
144 80 146 78
39 75 37 73
93 189 95 191
104 198 106 200
99 194 101 196
141 198 139 200
14 57 12 55
19 98 21 100
149 76 147 78
84 183 86 184
6 51 4 50
170 86 170 88
7 79 7 81
51 122 50 121
51 122 50 121
63 13 62 14
168 55 169 56
88 185 89 186
25 103 24 102
11 91 12 92
99 13 98 12
45 35 44 34
161 68 162 67
148 191 147 192
47 37 46 36
51 122 50 121
129 90 128 91
131 89 130 90
131 89 130 90
131 89 130 90
103 74 102 73
8 85 8 84
37 30 36 30
16 58 16 58
16 58 16 58
96 192 96 192
46 118 46 118
56 43 56 43
29 106 29 106
163 52 163 52
9 53 9 53
161 52 161 52
119 26 119 26
129 32 129 32
153 46 153 46
158 70 158 70
59 128 59 128
161 164 161 164
37 32 37 32
105 75 105 75
36 34 36 34
36 34 36 34
123 87 123 87
16 58 16 58
130 206 130 206
120 211 120 211
