51 63
60
2 12 18 16
7 37 4 22
17 15 26 6
38 12 30 21
49 19 41 27
38 13 46 5
38 13 46 5
9 47 11 58
25 8 19 14
33 53 39 47
39 11 45 5
28 13 29 21
22 38 23 46
20 5 27 7
12 4 19 5
43 42 38 47
39 3 46 4
20 60 27 60
48 16 48 9
28 5 34 2
28 59 32 54
5 10 10 6
42 38 42 32
21 59 15 59
47 5 47 11
3 16 4 21
20 30 20 25
19 19 19 24
27 8 28 12
24 51 23 47
7 38 8 42
24 52 25 56
21 34 22 37
7 40 8 43
8 44 8 47
35 16 37 14
44 25 42 27
3 15 2 13
49 16 49 18
36 3 38 3
21 31 21 33
14 58 12 58
41 31 41 29
24 61 26 61
31 19 30 20
31 19 30 20
31 19 30 20
3 19 4 18
5 23 5 24
27 6 28 6
9 46 9 45
9 46 9 45
5 31 5 30
5 23 5 24
9 52 9 53
15 14 15 14
8 39 8 39
8 39 8 39
6 28 6 28
5 13 5 13
