51 64
53
31 3 15 19
34 18 49 21
25 27 40 30
49 20 46 6
28 43 19 52
10 8 3 17
29 58 37 51
41 29 48 22
12 58 19 51
33 19 26 26
34 4 43 5
5 29 6 38
35 44 43 45
8 50 9 58
12 14 11 7
26 31 26 38
4 26 4 20
27 42 27 36
7 41 7 47
14 8 20 8
42 46 38 50
12 15 14 20
11 59 16 61
33 12 34 17
41 37 41 33
32 6 32 10
42 38 42 42
21 61 17 61
23 9 20 9
5 13 3 15
5 13 3 15
5 13 3 15
5 13 3 15
28 41 29 43
12 7 14 7
23 62 25 62
5 28 5 27
5 28 5 27
11 60 10 60
43 43 43 44
40 32 40 31
3 18 3 19
6 40 6 39
8 48 8 49
32 44 33 44
44 6 45 6
34 3 33 3
25 30 25 29
21 62 22 62
34 44 34 44
31 4 31 4
25 28 25 28
31 5 31 5
