70 51
53
6 11 2 26
50 20 60 31
34 20 48 18
50 2 59 11
38 43 30 36
55 43 50 37
62 15 67 20
49 10 48 17
48 3 41 4
43 48 50 47
58 46 51 47
14 23 21 23
66 24 66 31
61 37 54 37
4 25 10 25
22 33 16 33
22 33 16 33
26 22 20 22
12 34 8 30
12 34 8 30
3 26 7 30
29 7 24 7
32 21 27 21
61 32 64 36
8 10 13 10
39 44 42 47
58 11 61 14
50 3 49 7
60 38 59 42
35 5 39 5
65 32 65 36
23 8 19 8
34 6 30 6
12 24 15 24
50 38 53 38
8 24 11 24
40 44 42 46
24 32 26 32
67 21 67 23
18 9 16 9
56 44 57 45
56 44 57 45
32 37 33 38
15 9 14 9
58 44 58 45
15 34 14 34
33 20 33 20
3 18 3 18
7 11 7 11
59 43 59 43
13 34 13 34
63 36 63 36
44 19 44 19
