54 69
66
18 19 38 4
40 26 40 3
27 50 27 36
14 45 14 58
42 44 52 37
52 24 52 12
15 33 15 45
40 45 40 56
53 24 53 34
3 29 3 39
15 59 22 63
34 41 27 37
22 53 15 57
22 64 29 66
34 54 40 58
47 32 53 36
9 37 3 41
33 32 39 28
45 31 40 27
34 62 39 59
8 45 13 48
18 18 14 22
11 23 7 27
9 45 4 43
47 8 51 11
14 33 11 36
26 50 30 51
41 4 44 6
39 44 36 43
3 42 6 43
30 65 32 63
15 20 13 22
6 27 8 25
10 36 12 34
33 53 31 52
4 28 4 30
26 51 24 51
22 15 21 16
32 64 33 63
27 67 26 66
11 24 12 23
29 35 30 34
35 42 36 42
23 52 24 52
45 7 46 7
28 35 28 35
28 35 28 35
28 35 28 35
25 13 25 13
25 13 25 13
35 7 35 7
41 44 41 44
29 37 29 37
24 64 24 64
31 33 31 33
31 33 31 33
21 63 21 63
25 13 25 13
29 65 29 65
19 62 19 62
38 60 38 60
8 37 8 37
17 57 17 57
8 37 8 37
8 37 8 37
8 37 8 37
