51 70
54
15 4 32 21
19 43 2 26
44 42 41 58
10 35 19 44
44 15 35 6
13 20 6 13
21 63 16 56
32 28 31 36
14 16 14 8
3 15 3 22
10 10 4 13
27 2 33 5
48 21 47 27
39 21 33 22
18 53 18 47
25 3 19 3
44 14 48 18
25 67 26 62
41 59 40 64
17 56 17 51
45 35 45 40
33 66 28 66
46 20 41 20
27 54 27 58
28 49 28 53
30 42 30 38
33 65 37 65
47 28 46 31
47 28 46 31
15 7 16 4
32 27 33 24
13 16 13 19
13 16 13 19
13 16 13 19
46 32 46 35
49 19 46 19
2 22 2 25
29 45 29 48
48 19 49 21
11 10 13 10
48 26 48 24
39 64 37 64
26 67 28 67
26 59 26 61
18 60 17 59
20 61 21 62
29 43 29 44
40 21 41 21
4 11 5 11
16 57 16 58
44 40 44 41
18 4 17 4
4 15 4 14
3 26 3 26
