51 69
57
31 44 49 26
34 24 22 36
19 3 34 6
49 27 40 36
18 57 9 66
22 58 33 60
15 7 8 15
9 62 7 52
48 22 46 12
32 61 25 68
18 40 24 33
33 17 31 8
5 42 5 34
32 52 33 59
39 10 46 11
6 41 6 48
6 41 6 48
3 30 3 23
20 67 13 67
37 25 44 25
33 18 35 24
17 50 18 56
4 30 4 36
42 26 48 26
3 20 7 16
26 13 30 9
24 68 28 64
26 14 22 18
10 66 8 61
30 44 32 49
16 41 21 43
17 49 16 44
20 9 21 14
22 43 27 43
18 4 20 7
36 10 34 7
2 24 2 21
17 40 19 38
23 68 21 68
32 9 34 9
23 59 25 59
23 59 25 59
11 66 13 66
7 49 7 51
4 27 4 29
19 57 20 58
22 16 22 17
49 24 49 25
48 24 48 23
37 10 38 10
28 44 29 44
32 50 32 51
8 55 8 55
23 18 23 18
19 4 19 4
17 46 17 46
33 21 33 21
