186 217
183
141 172 184 137
22 162 62 193
130 164 106 146
27 15 5 27
47 69 47 93
91 52 91 75
92 30 92 53
70 121 54 109
93 180 108 192
90 215 90 197
91 197 91 179
165 125 153 116
176 132 164 123
101 82 113 91
62 47 50 55
60 10 72 17
102 84 91 76
46 71 46 58
48 92 48 105
86 212 76 204
138 106 148 114
182 147 180 159
138 212 147 204
64 46 74 40
82 23 92 29
128 100 118 94
82 129 91 136
8 79 8 90
138 196 138 207
140 187 140 176
139 186 139 197
108 191 116 198
102 205 94 212
91 30 82 35
59 9 50 4
9 101 9 91
11 123 11 113
6 57 6 67
10 112 10 102
5 46 5 56
17 158 25 164
7 68 7 78
4 35 4 45
80 128 72 122
171 183 164 190
171 183 164 190
163 190 156 197
163 190 156 197
132 165 140 170
38 52 46 57
26 164 33 170
68 92 75 87
133 210 126 205
19 40 26 44
12 131 13 139
147 112 153 117
29 46 35 50
57 99 63 95
83 82 77 86
12 35 18 39
69 199 75 203
124 204 119 199
120 201 115 196
137 206 137 213
28 14 34 11
63 194 68 198
176 131 181 135
12 130 12 124
183 145 183 139
43 6 48 3
103 144 98 141
154 198 150 202
4 30 8 33
113 90 117 93
179 168 179 163
133 104 129 101
137 106 133 103
13 140 13 145
3 29 3 34
93 137 97 140
14 146 14 151
81 36 77 38
35 10 39 8
50 106 53 109
104 204 107 201
175 180 172 183
177 175 177 179
141 173 141 177
8 32 11 34
74 18 77 20
52 102 49 104
89 78 86 80
4 28 7 27
78 21 81 22
182 143 182 146
182 143 182 146
182 143 182 146
178 169 178 172
178 169 178 172
59 191 61 193
16 158 14 156
16 158 14 156
16 158 14 156
110 199 112 197
65 94 67 92
104 145 106 147
123 202 125 204
43 179 45 179
43 179 45 179
43 179 45 179
91 214 89 214
156 119 158 119
180 160 180 162
178 175 178 173
111 193 112 194
173 129 172 128
52 186 51 185
108 200 109 199
173 145 174 144
178 141 179 140
64 194 65 195
132 210 131 209
131 164 130 163
119 94 118 93
54 101 53 102
127 100 128 101
162 122 161 121
135 105 136 106
19 160 20 161
9 26 10 25
104 85 105 86
42 6 41 7
42 6 41 7
40 175 41 176
138 107 139 108
134 166 133 165
134 166 133 165
70 199 69 198
168 127 167 126
104 188 103 187
55 188 56 189
127 100 128 101
92 213 93 213
76 39 75 39
182 136 183 136
134 211 135 211
55 100 56 100
85 81 84 81
87 213 88 213
181 149 181 150
181 149 181 150
184 139 184 138
149 203 148 203
95 139 95 139
47 182 47 182
92 180 92 180
123 158 123 158
171 129 171 129
65 46 65 46
52 53 52 53
63 47 63 47
14 23 14 23
12 24 12 24
109 149 109 149
8 26 8 26
78 38 78 38
81 129 81 129
99 184 99 184
79 207 79 207
83 210 83 210
33 11 33 11
110 88 110 88
26 15 26 15
128 207 128 207
73 40 73 40
71 121 71 121
130 102 130 102
73 18 73 18
153 161 153 161
148 165 148 165
144 110 144 110
42 54 42 54
142 110 142 110
