51 63
53
5 59 22 42
43 18 46 34
17 11 26 2
13 50 21 42
34 48 45 50
23 46 25 57
16 13 9 21
11 35 4 43
30 29 32 39
26 56 33 49
10 27 11 36
29 20 30 28
36 58 29 58
4 55 4 48
33 4 27 2
43 15 41 9
13 60 19 61
6 59 12 60
21 8 17 12
20 61 24 57
41 5 42 10
43 56 39 59
33 40 33 45
27 8 27 13
45 55 48 52
7 39 4 42
9 22 10 26
48 46 49 50
3 43 3 47
3 43 3 47
28 14 28 18
48 45 48 41
46 50 49 51
47 39 46 36
42 14 43 17
34 4 37 4
5 55 5 58
46 35 47 37
26 5 26 7
26 5 26 7
38 5 40 5
36 59 38 59
36 59 38 59
28 57 26 57
44 21 44 19
47 42 47 40
23 45 22 44
45 31 45 32
33 3 32 3
45 25 45 25
45 25 45 25
9 20 9 20
9 20 9 20
