51 70
64
17 48 35 66
8 17 6 29
20 68 12 60
34 64 26 56
45 58 37 50
11 59 3 52
36 31 43 39
35 65 37 55
27 5 34 12
33 18 32 27
41 36 47 42
45 59 47 51
6 30 4 38
45 57 40 52
16 63 21 68
3 48 3 41
9 9 9 16
25 67 31 67
24 12 24 7
37 60 42 60
21 30 21 25
20 36 20 31
48 48 48 43
22 19 22 24
23 18 23 13
10 50 5 50
11 60 8 57
47 43 44 40
10 10 10 6
14 49 10 49
2 47 2 51
10 7 13 5
37 54 39 51
4 42 4 39
18 43 18 46
23 3 26 3
30 7 28 5
35 30 33 28
13 6 15 5
25 6 26 4
47 50 47 48
3 51 5 51
34 66 32 66
19 42 19 40
18 4 20 4
19 37 19 39
34 14 34 16
18 5 16 5
33 12 34 13
36 64 36 65
43 59 44 59
33 16 33 17
16 48 15 48
7 21 7 20
8 15 8 16
5 37 5 36
6 25 6 26
36 64 36 65
5 32 5 31
33 23 33 23
21 4 21 4
22 4 22 4
38 50 38 50
37 61 37 61
