196 169
61
70 130 163 130
43 43 135 43
69 2 131 2
7 2 68 2
70 166 16 166
184 90 131 90
139 48 186 48
42 43 2 43
70 131 70 165
186 130 164 130
71 149 71 133
189 114 187 126
13 147 13 135
4 36 4 24
14 156 14 144
10 120 10 109
8 102 8 91
9 100 9 111
6 83 6 73
133 63 133 73
5 26 5 16
134 62 134 52
4 55 4 65
5 64 5 74
7 82 7 92
11 122 12 131
3 32 3 41
132 16 132 7
6 16 6 7
133 26 133 17
134 27 134 36
15 157 16 165
132 80 131 88
3 48 3 56
193 90 185 90
2 47 2 40
190 106 190 112
190 106 190 112
12 132 12 138
192 80 192 85
135 51 135 46
191 74 191 79
187 56 187 51
189 68 189 63
188 57 188 62
192 97 191 101
190 73 190 69
7 7 7 3
135 41 135 37
11 129 12 126
191 105 191 102
193 91 193 94
131 6 131 3
132 74 132 77
11 117 11 120
15 153 15 156
193 86 193 88
192 96 192 94
186 129 187 128
186 128 187 127
188 124 188 123
