199 173
60
98 170 183 170
93 50 9 50
85 91 2 91
128 76 128 2
129 2 191 2
193 43 135 43
14 133 69 133
129 22 129 68
86 91 128 91
127 50 94 50
97 170 72 170
70 143 70 160
7 120 9 133
195 24 195 37
193 8 193 21
184 165 184 152
128 90 128 77
194 16 194 29
186 147 186 135
185 144 185 156
190 110 190 100
191 101 191 91
189 119 189 109
196 32 196 41
192 83 192 92
192 13 192 4
8 58 6 66
188 121 187 129
194 73 194 65
196 56 196 48
195 56 195 64
183 161 183 169
71 161 71 169
2 95 2 87
69 134 69 142
4 100 4 107
187 137 187 130
3 101 3 94
5 106 5 113
3 81 3 88
5 70 5 77
197 40 197 47
4 76 4 82
6 71 6 67
134 43 130 43
8 57 8 53
9 54 9 51
193 80 193 83
6 112 6 115
188 118 188 120
6 118 6 116
188 126 188 128
191 3 191 5
7 117 7 119
193 77 193 79
193 74 193 76
7 59 7 60
8 123 8 124
12 133 13 133
7 65 7 64
