196 169
60
9 39 104 39
188 167 99 167
114 126 193 126
5 79 64 79
113 126 60 126
125 3 177 3
56 121 9 121
125 39 125 4
64 167 98 167
105 39 124 39
126 21 126 39
62 101 62 115
181 8 181 21
63 87 63 100
182 18 182 30
63 160 63 148
62 147 62 135
9 40 7 51
183 39 183 28
184 48 184 37
186 57 186 67
191 104 191 114
185 47 185 57
180 3 180 12
190 146 190 155
193 122 193 131
190 104 190 95
191 147 191 138
192 139 192 130
187 73 188 81
5 97 6 105
189 94 189 86
192 113 192 121
61 134 61 126
61 123 61 116
8 114 9 120
2 79 3 73
187 72 187 66
64 80 64 86
64 162 65 167
3 85 3 90
3 85 3 90
189 158 189 163
6 56 7 52
7 109 8 113
5 61 4 65
6 57 5 60
3 69 3 72
188 162 188 165
188 82 188 85
4 67 4 70
189 154 189 157
5 64 4 66
2 84 2 82
4 94 4 92
7 108 6 107
2 75 2 76
8 49 8 48
5 96 5 96
6 59 6 59
