67 55
43
38 16 24 35
61 16 39 16
65 29 57 40
29 3 42 3
17 45 25 35
62 17 55 27
66 28 54 28
45 41 33 41
12 53 19 44
53 4 42 4
56 40 45 40
24 9 20 15
5 38 9 32
64 27 60 21
11 54 18 54
37 15 33 10
16 22 12 27
26 50 30 45
3 41 6 46
30 6 34 10
19 53 24 53
57 8 54 4
60 12 63 16
32 40 31 44
27 5 25 8
16 21 18 19
12 28 10 30
7 47 8 49
18 18 19 17
30 5 29 4
31 6 32 7
27 48 26 49
25 51 24 52
25 51 24 52
27 32 28 31
20 42 21 41
10 51 9 50
27 48 26 49
58 10 59 11
11 53 10 53
4 40 4 39
33 22 33 22
10 31 10 31
