199 173
59
109 3 17 3
117 82 197 82
6 130 72 130
70 171 8 171
129 123 190 123
128 123 71 123
71 114 71 171
187 40 131 40
116 82 71 82
72 104 72 147
71 113 71 83
110 3 128 3
195 69 197 83
15 13 15 26
190 40 192 52
9 69 9 81
14 35 14 23
12 41 12 53
10 72 10 60
194 64 192 53
11 62 11 51
130 23 130 34
8 79 8 90
6 98 6 109
5 107 5 118
7 99 7 88
129 11 129 22
7 167 7 158
6 150 6 159
4 125 4 116
5 151 5 142
13 44 13 35
191 116 192 108
3 130 4 138
16 11 17 4
194 96 194 103
193 109 193 102
128 10 128 4
196 88 195 92
8 170 8 166
16 16 16 12
4 139 4 143
195 93 195 97
197 84 196 87
195 68 194 65
3 129 3 126
191 117 191 120
131 35 131 37
13 32 13 34
190 119 190 121
196 79 197 78
192 114 192 113
196 91 196 92
193 62 193 61
191 50 191 49
131 38 131 39
196 72 196 73
195 66 195 66
193 55 193 55
