51 69
66
36 28 18 46
20 26 8 38
41 58 32 67
18 10 30 12
48 50 40 58
12 35 20 27
20 21 18 11
44 10 44 19
27 27 35 28
31 58 32 66
45 19 46 27
48 41 49 49
34 20 34 12
4 52 5 59
47 33 48 40
5 40 10 35
35 17 35 24
38 3 31 3
16 60 9 60
24 5 30 2
7 39 2 43
17 64 23 65
6 44 11 45
3 45 3 50
20 54 20 59
24 58 20 61
19 50 17 46
31 57 29 53
20 22 22 26
20 9 23 6
28 54 25 57
16 46 12 45
29 66 25 66
29 66 25 66
29 66 25 66
29 66 25 66
43 13 43 9
38 4 42 4
4 42 2 45
31 13 34 14
4 48 4 51
19 51 19 54
37 9 35 11
41 6 43 8
40 7 38 9
36 27 36 25
17 61 17 63
46 28 46 30
8 59 6 59
24 26 25 27
46 31 47 32
7 45 8 45
42 6 43 6
30 67 31 67
45 17 45 18
49 44 49 44
47 38 47 38
27 2 27 2
23 26 23 26
9 44 9 44
19 61 19 61
19 13 19 13
21 62 21 62
26 27 26 27
25 5 25 5
21 10 21 10
