55 67
50
53 33 53 57
28 27 28 3
31 41 43 50
13 47 2 39
40 11 29 4
15 20 17 10
51 58 43 64
40 22 40 12
44 26 52 31
35 61 27 56
20 20 27 26
52 35 52 44
52 35 52 44
4 38 11 33
15 21 15 29
21 52 15 48
8 23 14 19
28 39 22 35
16 18 21 22
23 6 18 10
40 23 45 26
3 32 3 27
41 23 41 18
49 54 45 51
2 38 2 33
23 7 27 4
19 33 15 30
22 53 26 55
22 53 26 55
14 18 11 20
7 24 4 26
52 34 51 31
41 65 39 64
8 44 10 44
36 62 37 63
24 24 25 25
31 4 32 5
52 56 51 55
29 40 30 41
38 63 37 62
4 41 5 42
19 10 20 9
50 31 49 30
21 34 20 34
9 23 9 23
9 23 9 23
52 58 52 58
3 38 3 38
3 38 3 38
47 27 47 27
