51 69
64
36 41 18 23
21 45 18 59
21 44 11 34
3 27 11 35
34 53 36 42
22 9 29 17
19 17 21 8
31 2 38 8
31 8 30 17
43 14 49 20
49 22 48 30
27 67 35 66
2 25 10 25
33 55 37 61
36 59 41 64
10 9 17 9
22 58 29 58
2 26 4 20
36 66 42 64
26 3 32 2
32 42 26 42
18 22 13 24
45 49 45 44
46 38 46 43
43 56 43 61
44 50 44 55
39 9 42 13
23 63 26 66
19 5 23 4
4 16 5 12
19 59 21 62
4 17 3 20
4 17 3 20
34 58 31 57
31 7 32 4
25 43 22 43
6 10 9 10
18 20 19 18
12 24 10 24
47 34 47 32
3 26 5 26
22 59 20 59
35 52 35 50
33 41 35 41
47 37 47 35
42 63 42 62
34 55 34 54
17 6 17 6
18 8 18 8
18 8 18 8
48 31 48 31
21 10 21 10
25 4 25 4
25 4 25 4
4 19 4 19
29 16 29 16
19 8 19 8
32 6 32 6
30 57 30 57
5 11 5 11
5 11 5 11
18 5 18 5
19 56 19 56
17 5 17 5
