69 54
51
42 15 67 15
33 28 24 15
19 28 11 41
41 16 32 28
20 40 29 52
37 40 28 52
58 3 45 3
46 2 33 2
36 40 24 40
24 41 12 41
23 15 11 15
31 28 20 28
58 27 52 35
65 17 59 25
40 52 30 52
3 27 7 35
9 18 5 24
60 7 65 12
25 14 28 9
46 43 43 48
38 10 41 14
33 3 36 7
50 38 47 42
8 36 10 40
66 14 63 11
15 22 18 25
32 3 30 6
59 4 61 7
15 21 13 19
11 16 12 18
18 26 19 27
36 24 35 25
3 26 4 25
29 7 29 8
29 7 29 8
10 16 10 17
10 16 10 17
10 16 10 17
10 16 10 17
41 51 41 50
37 8 37 9
29 7 29 8
51 37 51 36
24 16 24 16
18 31 18 31
25 48 25 48
9 19 9 19
7 34 7 34
18 29 18 29
2 28 2 28
12 40 12 40
