55 69
51
27 25 27 49
40 32 40 56
27 24 40 14
15 63 2 54
3 54 15 45
3 42 3 29
51 23 41 15
52 24 52 12
2 41 2 53
8 26 16 20
37 5 29 11
40 13 40 3
40 59 32 64
32 53 40 58
22 53 15 58
48 27 41 31
47 27 42 32
14 59 14 52
22 64 28 67
35 29 40 33
15 46 15 52
47 8 51 11
31 52 27 50
16 58 16 62
16 58 16 62
30 26 33 28
23 53 26 51
31 65 28 66
38 4 41 4
38 4 41 4
18 61 20 63
44 6 42 4
25 14 23 15
20 17 22 16
51 25 49 26
35 19 34 20
35 19 34 20
5 28 6 27
38 17 39 16
38 17 39 16
18 19 19 18
27 12 26 13
21 63 21 63
19 56 19 56
19 56 19 56
45 7 45 7
39 58 39 58
37 57 37 57
33 64 33 64
29 25 29 25
6 51 6 51
