198 172
59
74 91 172 91
70 91 70 3
70 50 136 50
69 3 10 3
189 133 130 133
73 170 127 170
137 50 189 50
16 170 67 170
54 43 3 43
196 92 192 115
71 26 71 49
196 91 173 91
71 52 71 71
4 32 2 46
69 43 55 43
129 152 129 139
129 152 129 139
192 68 194 80
128 164 128 154
192 116 190 125
11 123 11 132
14 151 14 160
3 57 3 48
6 85 6 76
8 104 8 95
6 12 5 20
9 105 9 113
5 75 5 67
10 114 10 122
7 94 7 86
4 58 4 66
12 133 12 141
13 150 13 142
190 60 190 53
190 126 189 132
130 140 130 134
127 169 127 163
191 65 191 59
4 31 4 26
5 21 4 25
72 170 68 170
3 32 3 36
196 90 196 87
192 64 192 67
6 8 6 11
195 85 195 88
15 162 15 165
5 24 5 26
7 5 7 3
71 91 73 91
128 151 128 153
195 81 195 83
193 71 193 70
194 107 194 106
7 7 7 6
2 40 2 41
194 100 194 100
195 84 195 84
191 117 191 117
