51 70
60
33 48 17 64
11 35 2 44
10 35 19 26
27 15 25 3
38 60 30 68
24 4 16 12
49 51 39 49
6 57 13 50
47 52 41 58
43 24 45 32
30 4 38 5
43 23 42 15
17 66 14 59
29 22 29 29
32 42 34 48
16 13 18 19
47 44 46 38
30 28 30 34
20 67 26 67
28 17 28 23
36 63 40 59
36 63 40 59
5 59 3 54
39 5 41 10
9 59 4 59
3 53 3 48
3 53 3 48
17 63 20 60
48 52 45 55
31 36 32 40
46 37 45 33
48 46 48 50
38 49 35 48
2 47 3 44
18 23 18 20
14 55 14 58
23 57 21 59
29 68 27 68
27 16 27 18
13 53 13 51
11 60 13 60
31 35 31 33
15 65 16 66
28 3 29 4
26 12 26 13
18 66 19 66
17 14 17 13
17 19 17 18
19 23 19 24
31 39 31 39
38 6 38 6
44 49 44 49
26 6 26 6
33 44 33 44
19 25 19 25
14 54 14 54
35 4 35 4
2 48 2 48
26 3 26 3
42 50 42 50
