183 212
179
133 109 91 77
135 45 93 76
7 181 50 152
69 53 99 29
104 26 129 7
92 100 92 124
91 101 91 78
48 209 30 199
164 63 179 76
49 49 49 68
50 33 50 50
14 190 29 198
119 166 133 158
160 25 149 14
73 136 61 145
73 137 85 128
113 139 101 130
140 6 150 16
169 33 159 23
118 142 129 150
63 41 73 49
60 202 49 208
103 176 93 182
179 66 181 77
67 198 76 192
134 125 134 115
6 140 6 150
9 118 9 108
5 151 5 161
8 129 8 119
136 137 136 147
135 136 135 126
40 39 33 46
147 100 139 105
10 107 10 98
7 139 7 130
13 75 13 66
4 171 4 162
13 189 5 185
51 151 58 146
62 57 56 63
60 60 66 54
162 62 156 56
168 31 174 37
70 51 64 57
35 43 29 49
155 56 149 50
10 187 3 183
179 65 178 57
138 31 137 23
11 91 12 83
135 5 136 13
118 167 111 171
30 47 24 52
49 33 43 37
91 125 85 129
170 85 176 81
20 56 14 60
25 52 19 56
137 155 137 148
50 32 55 36
155 95 160 91
135 2 130 6
55 63 50 67
12 82 12 76
139 42 139 36
175 40 175 46
177 51 177 57
82 189 87 186
110 172 105 175
63 42 59 38
99 30 103 26
59 39 55 35
137 17 137 22
11 97 11 92
165 88 161 91
135 154 131 151
77 192 81 189
3 177 3 172
138 37 138 32
141 44 145 47
138 106 134 108
97 127 100 130
61 144 58 147
133 114 133 110
132 158 135 156
41 39 44 37
138 5 135 3
41 39 44 37
63 200 66 198
169 86 166 87
176 48 176 51
94 125 96 127
94 125 96 127
94 125 96 127
116 141 114 139
141 8 139 6
38 42 40 40
5 182 7 180
148 50 146 48
151 97 149 99
56 62 58 60
137 43 136 45
138 43 140 43
138 43 140 43
138 43 140 43
136 16 136 18
174 40 174 38
14 62 14 64
15 175 16 174
33 163 34 162
48 153 49 152
94 34 95 33
24 169 25 168
37 160 36 161
27 167 28 166
90 184 91 183
96 73 95 74
152 97 153 96
18 173 19 172
88 185 89 184
45 155 46 154
179 79 178 80
132 48 133 47
9 179 10 178
14 189 15 190
21 171 22 170
30 165 31 164
30 165 31 164
12 177 13 176
180 67 180 68
180 67 180 68
176 47 176 46
178 62 178 63
178 62 178 63
178 62 178 63
61 201 62 201
180 67 180 68
136 7 136 8
136 15 136 14
97 81 97 81
109 90 109 90
70 139 70 139
70 139 70 139
107 24 107 24
117 141 117 141
129 105 129 105
138 26 138 26
105 87 105 87
78 45 78 45
12 188 12 188
12 188 12 188
12 188 12 188
113 93 113 93
113 93 113 93
163 62 163 62
163 62 163 62
121 99 121 99
121 99 121 99
74 194 74 194
74 194 74 194
64 200 64 200
17 191 17 191
104 175 104 175
103 68 103 68
31 199 31 199
111 21 111 21
76 134 76 134
54 63 54 63
19 192 19 192
102 176 102 176
14 65 14 65
117 96 117 96
101 84 101 84
52 150 52 150
93 78 93 78
83 41 83 41
93 125 93 125
90 37 90 37
