178 197
168
51 92 51 62
50 86 50 116
53 14 53 43
52 38 52 67
74 145 98 161
97 113 97 138
98 160 98 137
46 130 28 144
92 32 108 45
130 136 145 148
151 113 166 125
49 110 49 129
123 57 109 46
71 179 57 187
152 184 138 192
54 3 54 19
85 169 73 178
29 142 17 151
28 176 40 184
31 22 20 31
7 158 18 151
21 172 10 166
3 161 13 167
134 95 134 84
133 83 133 72
45 10 53 3
120 186 128 192
105 177 97 171
163 160 155 155
107 178 115 183
7 119 7 128
12 72 12 81
174 158 174 149
15 44 15 53
175 157 175 166
160 179 168 175
124 58 131 63
90 167 97 162
166 163 173 167
10 95 11 87
169 174 176 170
60 186 53 190
162 160 169 164
14 62 14 54
5 138 5 146
6 129 6 137
13 71 13 63
93 164 87 168
63 138 57 134
22 173 28 177
129 136 123 132
108 121 114 125
115 126 121 130
66 140 72 144
144 146 149 151
76 20 71 15
10 96 9 103
71 16 66 11
61 7 66 12
132 71 132 64
159 180 153 183
59 6 54 2
78 21 83 25
156 155 151 151
171 128 171 134
173 144 173 150
4 153 4 147
68 180 73 177
52 191 47 188
90 31 86 27
3 160 8 158
4 154 3 159
9 104 9 109
116 184 120 187
8 118 8 113
140 105 136 102
39 15 35 18
135 101 135 96
137 193 133 195
145 109 142 106
97 172 94 169
102 117 99 114
16 39 16 43
11 82 11 86
16 34 19 32
41 184 44 186
45 132 48 130
176 169 173 168
176 169 173 168
172 139 172 136
176 165 176 168
150 151 152 153
150 151 152 153
150 151 152 153
86 28 84 26
131 194 129 192
55 133 53 131
94 170 92 168
32 21 34 19
22 30 24 28
169 127 167 125
150 151 152 153
26 145 24 147
43 11 41 13
148 111 146 109
124 132 122 131
86 169 88 168
107 120 105 119
8 110 8 112
35 180 33 180
173 141 173 143
172 142 172 140
172 133 172 135
82 172 81 173
44 11 43 12
44 11 43 12
76 175 77 174
30 22 29 23
148 149 149 150
42 134 41 135
85 170 84 171
131 138 130 137
60 7 61 8
14 153 15 152
22 148 21 149
38 137 39 136
103 117 104 118
96 162 95 163
20 172 21 173
51 130 52 131
38 137 39 136
38 137 39 136
44 133 43 133
44 133 43 133
45 187 46 187
149 112 150 112
65 139 64 139
117 184 117 184
31 142 31 142
40 14 40 14
40 14 40 14
40 14 40 14
37 136 37 136
125 58 125 58
125 58 125 58
158 156 158 156
38 182 38 182
106 177 106 177
23 174 23 174
8 165 8 165
91 31 91 31
56 133 56 133
74 176 74 176
74 176 74 176
6 164 6 164
27 145 27 145
27 145 27 145
33 139 33 139
158 180 158 180
16 170 16 170
116 126 116 126
26 176 26 176
66 181 66 181
95 34 95 34
18 171 18 171
25 174 25 174
141 144 141 144
81 24 81 24
