64 51
70
43 26 58 11
15 2 29 4
29 40 20 49
62 24 53 33
21 13 12 22
45 42 54 33
31 25 43 28
53 8 41 6
8 25 15 18
18 33 25 26
3 29 3 38
4 31 11 32
44 38 44 31
9 47 16 47
61 13 61 20
19 45 19 38
54 8 60 11
10 6 6 11
13 11 19 13
29 33 30 39
20 48 14 48
28 30 26 25
11 6 15 3
7 14 7 19
34 5 38 6
4 40 5 44
7 26 4 28
15 33 18 34
40 6 37 5
31 39 34 40
42 42 45 41
28 34 28 31
9 10 6 10
2 30 2 33
62 23 62 20
35 40 37 40
8 22 8 20
12 32 14 32
18 35 18 37
29 24 27 24
38 41 40 41
7 31 9 31
7 46 5 46
33 5 32 4
20 2 19 3
20 2 19 3
60 12 60 13
6 12 6 13
4 29 4 30
4 29 4 30
9 11 10 11
19 49 18 49
45 39 45 40
31 4 30 4
43 30 43 29
42 41 41 41
11 11 12 11
29 37 29 38
4 39 4 38
31 5 32 5
43 7 44 7
8 46 8 46
8 46 8 46
14 12 14 12
14 12 14 12
14 12 14 12
20 13 20 13
27 25 27 25
4 43 4 43
55 9 55 9
