228 193
235
105 86 129 104
19 66 41 48
29 96 51 111
205 93 221 106
188 80 204 92
75 64 90 76
138 80 138 99
83 28 98 39
51 4 64 14
226 107 223 91
101 188 115 180
135 167 149 159
47 161 59 169
219 116 207 123
162 151 150 158
23 147 35 154
93 189 81 182
73 177 61 170
149 104 137 110
16 87 5 80
183 57 183 44
184 65 184 52
50 3 40 11
58 53 48 45
70 61 60 54
178 85 168 91
188 135 178 141
198 51 206 59
47 27 47 38
182 38 182 49
31 19 39 12
16 32 24 25
187 79 178 84
127 172 136 167
185 68 187 78
22 147 14 141
48 28 48 18
49 18 49 8
200 127 192 133
146 63 138 68
10 73 3 79
24 93 17 98
192 46 198 52
185 40 191 46
210 62 204 56
181 38 174 42
139 100 139 108
131 64 137 69
169 46 175 42
211 63 217 67
17 88 23 92
155 56 161 52
164 150 170 146
47 162 41 158
12 72 17 67
15 110 15 117
13 133 13 126
16 109 16 102
14 125 14 118
46 37 46 44
19 135 14 139
39 120 34 124
117 54 112 50
136 109 131 105
172 145 177 141
45 116 50 112
105 45 110 49
220 72 220 78
137 70 137 76
12 134 12 140
201 127 206 124
45 45 40 48
90 75 94 79
77 23 81 27
185 65 186 70
166 92 162 95
75 65 71 62
9 40 9 45
11 36 15 33
8 46 8 51
5 63 5 68
222 84 222 89
26 23 30 20
23 132 27 129
119 177 123 175
119 177 123 175
100 189 96 191
222 107 226 109
122 175 126 173
127 61 130 64
127 61 130 64
127 61 130 64
104 86 101 83
69 17 72 20
44 116 41 119
68 17 65 14
4 72 3 76
7 54 6 58
119 178 115 179
185 60 185 64
185 60 185 64
219 73 219 69
121 57 118 55
153 101 150 103
76 179 79 181
165 49 162 51
139 111 142 109
189 134 192 132
147 62 150 60
181 37 178 39
223 113 226 112
226 108 227 111
6 59 6 62
156 99 154 101
37 155 39 157
43 9 41 11
29 128 31 126
99 40 101 42
94 78 96 80
76 23 74 21
57 51 59 53
210 61 212 63
104 44 102 42
99 82 97 80
179 84 181 83
20 134 22 133
137 79 137 77
17 99 17 101
17 99 17 101
53 48 51 48
221 81 221 83
4 69 4 71
10 39 10 37
54 165 52 165
221 78 221 80
50 8 50 6
60 169 59 168
60 169 59 168
60 169 59 168
100 83 101 84
100 83 101 84
40 157 39 156
11 72 12 71
185 41 184 40
185 41 184 40
128 172 127 173
26 94 25 93
157 99 158 98
36 155 37 156
171 145 172 144
161 96 160 97
81 26 82 27
166 93 167 92
68 60 69 61
217 68 216 67
123 58 124 59
153 58 154 57
100 83 101 84
163 150 164 149
126 61 125 60
222 114 221 115
151 59 152 58
28 95 27 95
7 52 7 53
167 48 167 47
167 48 167 47
167 48 167 47
74 178 75 178
32 125 33 125
95 190 94 190
181 41 181 40
50 5 50 4
223 90 223 89
224 100 224 100
72 62 72 62
163 95 163 95
163 95 163 95
130 104 130 104
151 158 151 158
62 56 62 56
62 56 62 56
168 47 168 47
65 58 65 58
195 130 195 130
145 64 145 64
151 103 151 103
200 128 200 128
22 146 22 146
187 135 187 135
148 159 148 159
32 153 32 153
112 181 112 181
186 71 186 71
216 117 216 117
179 141 179 141
179 141 179 141
86 72 86 72
19 144 19 144
64 56 64 56
77 179 77 179
47 45 47 45
40 119 40 119
25 24 25 24
92 189 92 189
183 39 183 39
86 72 86 72
177 142 177 142
3 77 3 77
102 188 102 188
130 171 130 171
42 158 42 158
183 82 183 82
186 77 186 77
187 135 187 135
24 147 24 147
153 157 153 157
82 182 82 182
79 68 79 68
169 146 169 146
114 180 114 180
140 165 140 165
65 58 65 58
167 147 167 147
49 163 49 163
23 63 23 63
177 85 177 85
218 116 218 116
57 167 57 167
72 177 72 177
163 95 163 95
208 123 208 123
159 152 159 152
26 148 26 148
17 144 17 144
64 171 64 171
