55 67
47
16 39 16 60
19 35 31 26
44 17 32 26
16 20 28 11
42 31 53 24
40 44 40 57
4 54 4 41
41 44 41 32
15 37 15 49
7 26 16 19
53 12 53 23
3 29 11 34
28 54 28 63
3 33 7 25
53 11 46 16
22 58 16 62
22 60 28 64
34 61 28 65
3 41 3 34
33 8 28 12
33 8 28 12
10 34 15 38
52 10 47 7
10 58 15 61
40 56 36 60
28 53 24 57
9 57 5 55
41 3 44 5
23 57 25 55
36 6 38 5
34 8 35 7
50 25 49 26
17 36 18 35
4 27 3 28
35 60 36 59
46 6 45 6
46 6 45 6
12 35 13 35
39 4 40 4
37 58 37 58
46 28 46 28
46 28 46 28
19 17 19 17
19 17 19 17
52 23 52 23
52 24 52 24
27 55 27 55
