200 165
45
51 122 149 122
120 163 22 163
127 163 192 163
70 77 9 77
70 77 9 77
187 37 130 37
128 2 74 2
3 122 50 122
188 122 150 122
129 13 129 35
71 67 71 47
72 49 72 29
73 11 73 31
128 3 128 18
197 127 197 114
5 138 3 126
195 101 193 89
4 110 2 122
9 163 21 163
6 98 4 109
70 76 70 65
189 50 189 61
188 42 188 53
190 69 190 58
191 66 191 77
192 85 192 74
74 13 74 3
194 142 194 151
195 134 195 143
196 135 196 126
193 150 193 159
5 139 6 146
130 29 130 36
195 109 195 102
8 159 8 153
7 153 7 147
121 163 126 163
192 162 192 158
194 101 194 98
3 125 2 123
194 92 194 90
9 82 9 80
193 88 193 86
6 95 6 97
4 115 4 115
