64 51
69
3 25 20 42
51 20 62 30
45 49 35 39
38 24 47 33
13 18 22 27
50 2 58 10
3 24 11 32
53 47 44 49
24 6 33 5
7 11 13 17
50 19 44 13
36 33 38 25
15 8 7 9
42 29 47 34
6 10 4 16
50 12 56 10
56 31 62 31
57 19 57 13
21 37 21 31
51 32 57 32
34 39 36 34
54 47 59 45
44 3 49 2
22 7 17 7
35 4 40 4
30 26 25 26
53 6 50 3
61 30 58 27
27 41 23 41
28 40 32 40
45 41 45 45
46 40 46 36
45 13 48 12
37 24 34 25
60 41 59 44
56 22 56 19
3 20 3 23
4 17 4 20
20 41 20 38
61 35 61 38
30 25 33 25
43 3 41 3
48 33 50 33
25 27 23 27
60 38 60 40
58 13 58 11
5 9 5 10
5 9 5 10
5 9 5 10
5 9 5 10
5 9 5 10
5 9 5 10
5 9 5 10
5 9 5 10
44 46 44 47
22 29 22 30
16 8 16 8
55 23 55 23
62 33 62 33
35 24 35 24
62 32 62 32
54 22 54 22
49 3 49 3
45 48 45 48
45 48 45 48
51 11 51 11
60 30 60 30
37 30 37 30
55 11 55 11
