190 176
58
8 3 78 3
178 3 108 3
126 134 57 134
185 84 124 84
63 41 3 41
74 175 124 175
134 126 183 126
8 82 54 82
79 3 107 3
61 54 61 77
125 96 125 119
57 142 57 122
60 92 60 72
125 146 125 165
58 107 58 125
62 62 62 45
59 90 59 107
59 154 59 168
58 155 58 141
180 21 182 33
73 175 61 175
188 77 188 89
126 131 126 120
187 80 187 69
185 64 185 54
183 38 183 48
184 46 184 56
124 95 124 85
187 93 186 102
126 145 126 136
181 30 182 38
186 69 186 61
60 175 60 167
3 38 3 46
7 78 7 70
6 70 6 62
4 46 4 54
124 174 124 166
5 54 5 62
184 118 183 125
180 18 179 11
7 15 7 8
4 37 4 30
178 4 179 10
185 109 186 103
63 48 63 42
5 29 5 23
6 22 6 16
184 117 184 114
8 7 8 4
8 78 8 81
185 113 185 110
182 41 182 39
187 92 187 90
178 9 178 7
186 72 186 70
180 19 180 20
181 23 181 24
