212 197
189
59 98 7 58
135 152 178 118
14 101 46 127
132 185 132 164
155 11 139 21
192 17 208 26
105 174 117 184
66 143 54 133
108 135 119 144
170 96 181 87
84 6 72 13
54 24 42 31
206 58 203 70
196 38 186 45
122 146 132 153
35 35 25 42
143 94 153 100
127 192 118 185
133 154 133 165
73 108 64 102
73 108 64 102
167 165 159 172
156 174 148 181
55 23 64 18
10 51 18 45
164 61 156 67
114 19 106 13
94 6 102 11
176 116 168 111
131 193 131 184
18 46 25 41
195 77 201 71
176 139 177 131
169 111 162 107
175 148 174 156
4 59 4 67
6 72 6 80
207 47 207 55
7 79 7 87
168 164 174 159
147 182 141 187
3 55 9 51
138 22 132 26
156 10 162 6
138 90 132 86
182 86 188 82
185 13 191 17
101 130 107 134
103 173 98 168
208 40 208 47
209 32 209 39
177 123 177 130
5 73 5 66
8 86 8 93
65 17 71 14
157 104 163 101
117 20 122 24
95 166 90 162
150 71 155 68
209 29 204 32
152 100 157 103
144 94 139 91
78 152 82 156
94 124 98 128
85 118 81 114
81 115 77 111
87 160 83 156
73 148 77 152
68 144 72 148
138 80 142 77
9 97 9 92
179 10 175 7
131 85 135 82
178 119 178 124
123 24 127 27
171 56 167 59
131 195 135 192
193 78 189 81
210 28 210 33
209 27 205 25
144 76 147 73
199 74 202 71
183 47 180 50
74 109 77 112
3 60 3 56
176 140 176 144
89 3 86 5
180 10 183 12
200 35 203 33
164 100 167 98
159 105 162 106
170 5 173 6
131 27 128 27
98 127 100 129
90 121 92 123
87 119 89 121
63 101 61 99
121 145 119 143
175 53 173 55
52 132 50 130
177 117 175 116
139 188 138 190
103 12 105 13
167 3 169 4
163 5 165 4
130 194 128 193
30 39 28 39
206 57 206 55
175 143 175 145
93 124 94 125
91 4 92 5
38 33 37 34
196 75 197 74
192 78 191 79
137 190 136 191
97 168 96 167
194 77 195 76
88 160 89 161
169 96 168 97
184 47 185 46
12 49 13 48
38 34 39 33
188 81 187 82
179 50 178 51
116 20 115 19
93 124 94 125
198 37 199 36
148 73 149 72
40 32 41 32
206 53 206 54
206 53 206 54
157 173 158 173
175 153 175 154
137 81 136 81
205 60 205 61
174 157 174 158
48 128 47 128
206 53 206 54
48 128 47 128
175 146 175 147
176 133 176 134
150 99 150 99
150 99 150 99
187 15 187 15
201 23 201 23
60 99 60 99
6 57 6 57
6 57 6 57
151 71 151 71
205 32 205 32
182 12 182 12
182 12 182 12
182 12 182 12
183 86 183 86
183 86 183 86
36 35 36 35
53 132 53 132
53 132 53 132
53 132 53 132
194 39 194 39
56 96 56 96
43 31 43 31
14 63 14 63
177 52 177 52
144 185 144 185
53 132 53 132
146 95 146 95
146 95 146 95
146 95 146 95
106 134 106 134
73 13 73 13
133 86 133 86
176 52 176 52
182 12 182 12
137 90 137 90
163 107 163 107
160 106 160 106
18 66 18 66
83 6 83 6
104 173 104 173
111 137 111 137
60 99 60 99
203 24 203 24
191 16 191 16
81 7 81 7
150 99 150 99
165 108 165 108
206 63 206 63
189 15 189 15
