55 69
56
40 11 40 37
27 20 27 45
19 51 32 61
17 50 6 42
2 28 2 15
40 54 40 67
15 11 15 24
30 47 40 55
52 46 42 38
3 28 3 40
27 46 35 40
35 8 27 2
5 17 13 23
15 12 22 16
31 61 37 65
12 9 6 13
30 19 35 14
41 66 46 62
13 8 19 8
52 58 52 52
34 16 38 12
53 46 53 51
21 16 25 19
49 48 46 51
24 4 21 7
36 8 39 10
39 38 36 40
51 59 48 61
28 19 31 17
44 52 41 54
30 48 28 46
3 15 4 17
3 15 4 17
3 15 4 17
3 15 4 17
18 9 16 10
38 13 39 12
25 18 26 19
25 4 26 3
5 41 4 40
23 55 24 56
46 63 47 62
16 50 15 49
7 42 8 43
50 48 49 49
20 53 19 52
16 7 15 7
52 47 51 47
39 66 38 66
4 14 5 14
20 7 20 7
28 20 28 20
11 45 11 45
17 12 17 12
39 53 39 53
32 5 32 5
