70 51
66
29 16 47 34
40 45 26 31
10 9 29 6
49 3 64 15
62 31 53 22
13 18 5 10
68 20 60 12
10 32 3 25
12 30 12 22
18 33 10 33
48 3 41 4
4 14 4 21
46 41 47 35
60 46 54 47
33 5 39 5
25 17 19 17
58 21 53 23
13 19 18 17
26 30 21 32
55 33 50 33
41 46 45 49
9 9 5 11
66 30 64 34
58 11 55 8
59 32 55 32
59 21 63 21
27 28 27 24
20 32 16 32
61 37 61 41
11 34 11 30
65 20 68 19
25 16 28 16
11 8 14 8
62 32 62 35
28 20 28 23
67 23 67 26
9 32 7 30
67 18 65 16
18 7 20 8
13 22 13 20
13 22 13 20
29 17 29 19
48 34 50 34
44 49 44 47
49 48 47 48
60 43 60 45
3 21 3 23
66 29 66 27
45 42 45 44
52 48 50 48
51 3 52 4
47 49 46 49
47 49 46 49
47 49 46 49
40 4 39 4
5 12 5 13
26 7 25 7
47 49 46 49
53 47 52 47
60 31 61 31
45 46 45 45
61 42 61 42
12 34 12 34
61 36 61 36
17 18 17 18
26 29 26 29
