227 193
211
70 175 114 141
185 116 225 83
138 84 172 106
117 98 93 116
76 128 59 140
137 112 137 93
154 137 168 148
56 186 69 176
24 133 36 143
14 125 2 116
80 12 68 20
44 34 56 27
48 81 37 73
37 181 28 172
45 188 36 179
81 124 91 117
11 54 21 61
221 106 219 118
91 6 81 12
13 109 22 102
29 174 21 166
47 176 47 165
48 175 48 186
157 41 148 35
128 23 119 17
184 153 192 146
11 110 2 115
15 126 23 132
41 90 33 95
27 66 35 71
23 47 31 42
188 60 180 55
130 24 138 29
46 158 44 149
13 66 14 75
184 119 184 128
181 143 181 152
183 136 183 127
182 144 182 135
140 30 147 35
207 72 200 67
138 83 131 88
217 78 224 82
216 77 209 73
3 119 4 127
136 124 136 116
142 129 148 133
176 153 170 149
164 45 158 41
193 63 199 67
124 93 130 89
8 147 9 154
222 104 222 97
138 85 138 92
46 159 46 166
224 93 224 86
48 190 54 187
171 49 176 53
121 136 126 132
209 132 204 136
17 163 12 159
15 83 15 77
223 98 223 92
49 185 49 191
32 96 27 99
54 144 49 147
28 66 23 63
38 38 43 35
18 164 22 168
219 119 218 124
63 23 67 20
6 135 6 140
47 86 51 83
22 103 26 100
119 137 115 140
5 134 5 129
41 147 37 144
17 50 13 53
17 90 17 95
37 38 33 41
198 141 202 138
42 89 46 86
149 134 153 137
6 135 6 140
16 89 16 84
193 145 197 142
109 11 113 13
109 11 113 13
109 11 113 13
105 8 101 6
96 3 92 5
47 189 44 186
175 108 178 111
47 189 44 186
73 173 70 176
133 126 130 129
180 151 179 155
12 61 13 65
59 25 62 23
183 154 180 156
180 112 183 114
178 155 175 153
167 47 170 49
120 96 123 94
55 143 58 141
10 110 13 108
140 127 143 129
77 127 80 125
7 142 7 145
192 63 190 61
192 63 190 61
9 156 11 158
38 145 40 147
212 129 210 131
75 172 77 170
127 131 129 129
22 62 24 63
48 148 46 149
18 50 20 49
36 72 34 71
139 127 138 125
49 84 49 82
75 16 73 16
221 105 221 103
225 85 225 87
185 120 185 118
136 113 136 115
19 105 17 105
11 57 11 55
11 57 11 55
11 57 11 55
11 57 11 55
11 57 11 55
92 116 93 115
19 60 20 61
134 126 135 125
141 85 140 84
85 164 84 165
215 127 216 126
112 142 111 143
144 87 143 86
13 159 14 160
60 140 61 139
58 184 59 183
168 147 169 148
42 148 43 149
81 167 80 168
2 117 3 118
121 135 120 136
119 97 118 98
213 129 214 128
74 129 75 128
63 180 64 179
39 74 38 73
116 15 117 16
107 10 106 9
115 15 114 14
34 142 33 141
47 81 46 80
178 110 179 111
55 187 54 188
46 87 45 88
21 48 22 47
174 108 173 107
58 26 57 26
58 26 57 26
58 26 57 26
218 120 218 121
218 120 218 121
218 120 218 121
12 58 12 59
45 156 45 155
166 46 165 46
150 91 150 91
43 148 43 148
43 148 43 148
80 13 80 13
156 95 156 95
118 17 118 17
22 132 22 132
68 133 68 133
42 76 42 76
56 143 56 143
5 117 5 117
85 122 85 122
85 122 85 122
12 53 12 53
43 89 43 89
52 146 52 146
67 135 67 135
129 23 129 23
103 149 103 149
40 90 40 90
40 90 40 90
8 111 8 111
90 6 90 6
11 123 11 123
71 131 71 131
70 18 70 18
55 27 55 27
184 114 184 114
159 97 159 97
137 125 137 125
187 113 187 113
78 126 78 126
147 89 147 89
19 96 19 96
19 96 19 96
40 36 40 36
14 107 14 107
220 109 220 109
