225 189
196
200 98 155 68
29 101 63 128
130 3 162 22
87 147 112 128
132 133 132 154
133 113 133 134
88 167 88 188
164 134 180 146
87 166 87 148
132 54 147 63
58 163 46 153
23 133 33 143
169 34 169 48
168 47 168 61
137 115 147 123
141 47 151 39
101 178 91 186
29 138 38 147
3 83 5 95
8 115 6 103
77 139 86 146
84 185 76 177
35 143 43 151
204 165 212 157
204 164 196 172
150 125 159 131
23 134 15 128
153 170 161 176
124 120 132 114
185 145 192 138
209 124 202 131
188 178 181 185
139 48 131 53
36 61 28 66
65 43 57 48
70 40 78 35
96 24 88 29
79 34 87 30
21 70 14 75
106 18 113 13
197 134 191 140
203 129 197 135
214 121 220 115
52 51 45 55
167 68 167 60
170 27 170 35
15 127 9 123
158 35 152 39
82 182 87 187
73 175 78 180
24 98 19 93
182 183 177 188
181 158 181 151
218 141 218 148
178 182 178 175
180 166 180 159
179 174 179 167
123 7 129 4
152 169 147 165
6 83 11 87
17 92 12 88
135 156 140 160
69 133 64 129
118 124 123 120
100 22 105 18
8 116 9 122
222 123 222 117
220 135 220 129
221 123 221 129
159 34 164 31
169 26 164 23
148 64 153 67
208 103 203 100
186 143 182 147
186 143 182 147
71 134 75 138
121 163 125 159
24 97 28 101
116 166 112 170
212 158 216 154
222 112 223 117
116 12 120 9
214 107 210 104
63 167 67 170
68 171 72 174
26 67 22 70
193 174 189 177
217 109 221 112
165 30 169 28
45 152 42 149
45 152 42 149
169 182 166 179
161 132 164 135
211 123 208 126
194 173 197 170
24 135 27 138
145 164 142 161
20 131 17 128
6 101 5 97
219 138 219 142
114 127 117 125
10 77 13 75
56 49 53 50
56 49 53 50
56 49 53 50
217 150 216 153
69 41 66 42
177 186 177 183
217 146 217 149
149 124 147 122
149 124 147 122
149 124 147 122
109 172 111 170
119 164 117 166
137 116 135 114
127 158 129 156
214 120 212 122
42 57 44 56
138 58 140 58
138 58 140 58
182 148 182 150
182 148 182 150
219 135 219 137
215 107 216 108
41 58 40 59
121 9 122 8
163 23 164 24
140 47 141 46
140 47 141 46
21 133 22 134
21 133 22 134
21 133 22 134
174 185 175 186
114 13 115 12
221 115 220 116
163 177 162 176
71 174 72 175
154 68 155 69
189 178 190 177
130 156 131 155
172 184 173 185
105 175 106 174
71 135 70 134
103 177 104 176
107 174 108 173
48 154 49 155
170 182 171 183
165 179 164 178
202 99 201 98
4 85 4 86
4 85 4 86
38 60 37 60
4 92 4 93
4 92 4 93
7 105 7 106
8 119 8 118
60 164 59 164
4 85 4 86
7 113 7 112
133 155 134 155
163 74 163 74
212 106 212 106
105 134 105 134
151 15 151 15
151 15 151 15
169 78 169 78
135 55 135 55
154 127 154 127
157 130 157 130
177 143 177 143
16 128 16 128
66 170 66 170
215 108 215 108
215 108 215 108
146 164 146 164
137 56 137 56
10 87 10 87
223 113 223 113
4 82 4 82
5 96 5 96
151 125 151 125
97 140 97 140
38 109 38 109
159 21 159 21
143 61 143 61
198 96 198 96
6 98 6 98
138 48 138 48
93 143 93 143
157 70 157 70
172 80 172 80
6 102 6 102
101 137 101 137
160 72 160 72
141 9 141 9
165 69 165 69
