195 168
60
31 130 126 130
117 43 193 43
64 2 140 2
4 90 64 90
180 166 125 166
62 43 116 43
141 2 188 2
10 48 57 48
125 165 125 138
10 130 30 130
62 51 62 68
61 37 61 53
63 82 63 66
4 96 6 110
62 36 62 24
63 11 63 23
189 6 189 15
184 132 184 123
181 161 181 152
185 122 185 113
182 142 182 151
190 74 190 65
190 14 190 23
188 84 188 93
7 63 6 71
191 58 192 50
126 141 125 133
8 125 8 117
189 75 189 83
64 81 64 89
183 133 183 141
186 112 186 104
3 87 3 94
9 122 9 129
126 148 126 142
64 4 64 10
4 80 4 86
191 31 191 25
7 62 8 57
192 35 193 40
126 136 126 131
187 98 187 103
191 64 191 59
5 74 5 79
7 115 7 119
192 30 192 34
7 114 6 111
180 162 180 165
187 94 187 97
8 56 8 54
9 53 9 51
188 7 188 5
191 22 191 24
4 95 4 94
4 95 4 94
192 39 192 38
6 73 6 72
193 42 193 41
10 129 10 128
5 100 5 100
