69 54
53
13 14 37 14
65 39 42 39
43 39 34 52
3 27 12 39
33 26 41 37
59 51 46 51
12 14 4 24
31 29 25 40
26 41 33 51
32 26 21 26
46 52 35 52
14 39 24 39
23 10 29 2
49 14 55 22
16 20 20 27
63 45 67 39
66 39 63 33
16 33 13 39
41 3 35 3
36 13 33 8
36 13 33 8
60 29 57 25
47 11 44 7
15 19 13 15
30 2 34 2
31 6 29 3
60 50 62 47
22 12 24 10
19 29 17 31
62 46 60 48
61 30 62 32
32 29 32 27
10 17 10 15
4 27 4 25
10 38 11 39
10 38 11 39
42 5 43 6
42 4 43 5
27 42 28 43
31 5 32 6
48 13 48 12
56 23 56 24
32 7 32 7
26 7 26 7
26 7 26 7
19 28 19 28
25 38 25 38
64 43 64 43
22 13 22 13
26 36 26 36
3 26 3 26
41 38 41 38
30 46 30 46
