198 172
60
139 50 70 50
70 91 136 91
70 3 10 3
137 91 196 91
59 43 3 43
71 170 127 170
70 59 70 4
135 133 189 133
17 170 70 170
140 50 189 50
70 60 70 90
71 49 71 26
189 51 193 73
71 52 71 71
196 90 193 74
191 120 188 133
128 164 128 151
129 139 129 152
194 104 196 92
4 31 2 43
5 26 5 16
13 146 14 155
11 128 12 137
6 8 6 17
69 43 60 43
8 104 8 95
6 85 6 76
2 44 3 52
7 94 7 86
9 105 9 113
4 66 4 58
7 94 7 86
130 133 130 140
192 118 192 111
127 163 127 169
4 30 4 24
10 122 10 117
5 70 5 75
193 110 194 106
11 123 11 127
14 156 14 160
15 161 15 165
7 7 7 3
3 57 3 53
134 133 131 133
134 133 131 133
13 142 13 145
3 34 3 32
191 119 191 117
10 114 10 116
5 67 5 69
12 140 12 138
191 59 190 60
193 107 193 106
195 94 195 95
192 70 192 71
194 76 194 77
195 88 195 87
3 40 3 41
195 101 195 101
