186 217
177
110 126 130 111
72 197 52 212
95 29 95 53
140 69 140 93
96 76 96 52
127 191 143 178
152 171 168 158
171 21 153 11
79 202 94 214
30 160 45 172
113 18 97 27
16 148 2 137
170 21 184 29
179 75 179 90
182 60 182 45
178 100 178 85
180 80 180 65
181 55 181 70
177 95 177 110
175 125 173 139
141 57 141 71
96 202 96 216
126 10 114 17
103 34 115 41
133 52 121 45
139 105 139 92
95 179 95 192
82 146 92 138
176 116 174 128
48 206 48 194
142 5 152 11
85 187 94 180
101 79 110 86
183 50 183 39
21 152 29 159
127 9 136 4
4 148 2 138
122 94 114 88
173 150 173 140
47 186 47 196
51 105 43 111
29 120 37 114
172 145 172 155
159 45 167 40
27 121 19 126
5 135 13 130
59 100 67 95
176 34 184 30
38 204 32 198
126 191 120 197
19 187 25 193
45 173 46 181
95 193 96 201
85 84 91 79
158 46 152 50
106 208 100 212
128 98 134 102
53 166 59 162
70 154 76 150
101 132 95 136
105 208 111 204
116 200 110 204
144 55 150 51
52 105 58 101
102 131 108 127
31 198 26 193
39 204 44 209
145 177 150 172
176 105 176 112
5 157 5 150
96 30 102 33
15 184 10 180
7 163 7 169
184 37 184 31
6 162 6 156
8 175 8 169
173 36 168 39
79 87 84 84
78 88 73 91
65 157 61 161
117 199 121 195
80 191 84 187
80 191 84 187
183 35 184 40
174 140 174 135
174 140 174 135
48 170 52 167
49 202 49 207
65 158 69 155
18 127 14 129
68 94 72 92
79 191 76 194
134 109 137 106
133 109 130 112
91 80 94 77
176 113 175 117
49 208 50 212
9 175 9 179
9 175 9 179
46 182 46 186
143 56 139 56
97 215 100 213
77 149 80 147
20 151 17 149
100 79 97 77
100 26 97 28
137 55 134 53
137 4 140 4
38 114 40 112
38 114 40 112
38 114 40 112
113 88 111 86
123 94 125 96
18 187 16 185
42 111 40 113
45 209 47 211
75 194 73 196
4 149 4 151
60 161 61 160
144 177 145 176
13 146 14 147
118 43 119 44
126 192 125 193
115 200 116 199
126 96 127 97
137 104 136 103
174 129 175 130
81 146 82 145
81 146 82 145
175 118 175 119
175 118 175 119
117 42 116 42
174 35 175 35
47 171 46 171
3 136 4 136
141 5 141 5
141 5 141 5
173 22 173 22
173 22 173 22
3 145 3 145
168 20 168 20
168 20 168 20
48 212 48 212
109 126 109 126
9 143 9 143
122 45 122 45
122 45 122 45
122 45 122 45
122 45 122 45
75 150 75 150
96 136 96 136
79 147 79 147
83 84 83 84
138 106 138 106
60 100 60 100
60 100 60 100
179 25 179 25
164 18 164 18
49 211 49 211
54 166 54 166
181 26 181 26
3 139 3 139
123 117 123 117
177 24 177 24
177 24 177 24
109 126 109 126
68 155 68 155
138 3 138 3
51 167 51 167
3 145 3 145
104 24 104 24
20 126 20 126
115 17 115 17
141 5 141 5
112 18 112 18
165 160 165 160
4 143 4 143
