189 176
63
99 3 21 3
178 3 100 3
65 134 133 134
3 84 67 84
187 41 128 41
130 174 71 174
11 125 57 125
182 82 136 82
65 110 65 153
66 86 66 119
130 68 130 89
131 86 131 107
66 154 66 172
129 71 129 55
6 59 4 73
131 153 131 167
133 142 133 129
132 141 132 154
132 103 132 115
9 30 9 41
8 48 8 38
10 23 10 33
67 95 67 85
11 15 11 25
7 56 7 46
12 17 12 7
3 77 3 87
188 40 186 32
186 52 185 60
128 46 129 54
132 116 133 124
185 20 185 28
132 121 133 128
184 70 184 63
7 112 7 119
184 14 184 21
6 104 6 111
183 71 183 78
5 96 5 103
4 95 4 88
130 166 130 173
188 43 186 49
183 13 183 7
13 3 13 9
4 80 4 74
8 125 8 120
186 31 186 26
182 77 182 81
6 58 6 54
186 35 187 32
187 48 186 51
182 4 182 7
179 3 182 3
128 45 128 42
5 72 5 69
70 174 67 174
128 53 128 51
5 61 5 63
187 38 187 39
188 41 188 42
185 63 185 62
187 43 187 44
186 57 186 57
