69 55
56
20 27 46 27
12 14 2 27
54 33 44 45
46 26 54 14
24 14 11 14
28 52 15 52
36 15 24 15
28 51 40 51
44 3 38 13
67 15 56 15
5 32 10 40
13 40 22 40
19 26 15 34
66 16 61 23
11 46 7 39
50 9 45 3
60 24 56 30
24 40 20 46
45 2 52 2
60 6 64 11
60 6 64 11
56 29 52 34
55 15 51 20
58 3 52 3
41 49 45 45
15 20 12 16
15 21 18 25
44 26 41 22
19 47 17 51
4 31 3 27
37 17 37 13
40 21 38 18
14 50 12 48
51 10 53 12
12 38 11 40
47 26 47 24
65 13 66 14
52 12 53 13
64 18 65 17
50 22 49 23
13 37 14 36
8 18 7 19
42 49 41 50
19 29 19 29
47 4 47 4
47 4 47 4
61 22 61 22
5 24 5 24
12 15 12 15
60 25 60 25
43 6 43 6
5 22 5 22
49 21 49 21
19 29 19 29
49 21 49 21
4 26 4 26
