70 51
55
4 15 22 33
2 29 17 47
25 47 44 44
43 19 30 6
52 28 67 25
13 6 20 13
30 32 22 34
11 5 10 13
3 20 3 27
16 14 9 14
47 18 54 18
20 43 19 49
16 4 11 6
22 3 27 3
32 31 37 31
22 4 17 4
21 41 21 36
18 48 23 48
59 18 62 21
3 32 6 35
54 42 58 41
45 29 41 30
59 41 63 40
65 33 65 37
50 43 46 43
58 17 54 17
30 7 28 4
67 26 66 29
4 19 4 16
2 28 2 31
5 15 8 15
47 19 44 19
31 8 33 10
64 22 66 24
38 30 40 30
49 29 47 29
49 29 47 29
19 13 17 13
66 30 66 32
64 38 64 40
51 42 53 42
20 42 20 41
22 36 22 35
32 32 31 32
49 28 50 28
20 42 20 41
54 27 55 27
10 40 10 40
15 5 15 5
15 5 15 5
19 14 19 14
61 27 61 27
43 20 43 20
59 26 59 26
43 20 43 20
