55 69
64
27 20 27 44
14 56 27 45
14 25 14 12
51 41 51 28
15 38 15 25
15 54 15 67
52 16 52 28
16 39 26 45
3 58 11 65
48 19 39 24
40 12 40 22
3 46 9 41
43 10 49 14
34 7 40 11
2 46 8 50
46 45 40 49
30 18 36 14
33 54 39 50
15 12 21 16
14 61 14 55
2 52 2 47
27 3 31 5
14 67 11 64
19 9 22 6
19 8 16 11
3 57 3 53
23 6 26 4
43 23 40 25
28 20 31 18
47 44 50 42
26 19 23 18
23 61 21 63
9 51 11 53
26 59 24 61
30 56 32 55
16 66 14 66
39 8 40 7
39 8 40 7
13 39 14 38
41 9 40 8
15 11 16 10
13 54 12 53
7 61 6 60
28 58 29 57
9 42 10 41
12 39 11 40
32 6 33 6
22 17 23 17
50 17 50 18
5 45 5 45
5 45 5 45
5 45 5 45
38 13 38 13
51 17 51 17
37 13 37 13
49 18 49 18
20 16 20 16
38 13 38 13
39 12 39 12
25 48 25 48
47 19 47 19
5 45 5 45
51 15 51 15
6 44 6 44
