186 217
188
3 81 51 113
96 4 96 40
99 5 127 27
147 210 171 197
19 68 39 52
96 166 96 142
95 165 95 189
140 125 140 149
76 69 59 56
97 20 97 3
69 20 56 10
155 49 142 39
141 38 128 28
80 131 93 140
63 121 51 112
165 176 177 185
104 88 116 97
62 119 74 128
59 57 47 48
145 163 157 172
141 161 141 147
98 187 110 180
138 162 127 170
139 126 139 113
76 68 86 76
178 117 178 128
129 210 120 204
8 50 6 60
182 172 182 162
109 133 117 127
174 73 174 83
177 106 177 116
183 183 183 173
176 105 176 95
179 129 179 139
117 176 125 170
175 94 175 84
180 140 180 150
181 161 181 151
38 15 31 22
39 15 46 8
180 191 172 196
19 32 12 38
47 34 47 25
48 26 48 17
46 42 46 33
49 9 49 18
138 215 146 211
46 48 38 52
117 97 124 102
111 199 104 194
6 61 5 69
10 76 3 80
97 83 103 88
8 47 10 40
124 123 118 127
111 179 117 175
132 118 126 122
131 107 125 103
95 39 89 35
97 190 103 194
98 140 104 136
118 203 112 199
161 53 166 58
4 72 3 79
49 6 55 9
177 184 182 188
160 173 165 177
88 10 93 6
18 69 13 73
45 41 45 47
138 114 133 117
131 211 136 214
81 16 85 12
76 129 80 132
76 129 80 132
184 184 184 189
83 30 79 27
50 10 50 5
75 20 79 17
84 31 88 34
173 67 173 72
166 57 169 60
89 78 86 75
160 174 157 171
27 25 24 28
158 51 161 54
166 57 169 60
128 168 125 171
166 57 169 60
166 57 169 60
177 194 180 192
108 133 105 135
145 164 142 162
76 25 73 23
9 45 9 48
136 111 134 109
23 28 21 30
30 22 28 24
70 20 72 22
12 74 10 75
182 190 181 192
175 195 173 195
14 89 16 89
14 89 16 89
183 188 183 190
183 188 183 190
183 188 183 190
7 51 7 53
7 51 7 53
85 135 86 136
90 78 91 79
48 7 47 8
132 108 133 109
114 178 115 177
16 70 17 69
42 106 43 107
83 134 82 133
12 88 11 87
171 61 172 62
95 82 96 83
75 128 74 127
100 5 101 6
45 108 46 109
130 167 131 166
93 81 92 80
93 80 94 81
14 73 15 72
9 86 8 85
9 86 8 85
65 122 66 123
49 111 48 110
49 111 48 110
49 111 48 110
9 41 10 42
106 10 105 9
106 10 105 9
40 105 39 104
106 10 105 9
26 63 25 64
135 165 136 164
20 68 21 67
95 141 94 141
95 141 94 141
157 50 156 50
137 112 138 112
94 5 95 5
8 49 8 48
97 188 96 188
140 162 139 162
26 97 26 97
25 95 25 95
25 95 25 95
25 95 25 95
25 95 25 95
78 26 78 26
31 99 31 99
31 99 31 99
71 125 71 125
69 125 69 125
91 139 91 139
109 180 109 180
5 80 5 80
5 80 5 80
171 196 171 196
120 22 120 22
114 16 114 16
107 181 107 181
69 63 69 63
54 115 54 115
54 115 54 115
11 75 11 75
154 169 154 169
19 91 19 91
31 59 31 59
56 54 56 54
96 190 96 190
168 198 168 198
98 4 98 4
166 199 166 199
28 97 28 97
25 95 25 95
34 101 34 101
73 66 73 66
32 101 32 101
25 95 25 95
37 103 37 103
20 93 20 93
