69 54
62
59 15 33 15
53 52 34 52
62 40 54 52
16 16 24 28
15 15 2 15
53 51 46 41
25 28 37 28
57 40 45 40
48 27 37 27
28 22 32 14
61 19 66 25
53 33 49 27
54 20 50 26
11 27 7 22
18 3 12 3
54 21 57 16
19 9 16 14
27 7 24 2
10 6 6 10
22 42 25 46
54 34 57 38
58 40 61 36
29 10 31 14
23 2 19 2
67 27 65 30
28 50 26 47
59 17 62 19
30 51 33 52
4 14 5 11
63 33 65 31
21 6 19 8
7 10 5 12
4 18 6 20
13 30 15 32
21 40 19 38
16 34 18 36
9 6 11 4
63 22 62 21
26 25 25 26
22 5 22 4
12 29 12 28
62 35 62 34
27 24 27 23
28 9 28 8
3 16 3 17
30 52 29 52
59 16 60 16
15 33 15 33
15 33 15 33
15 33 15 33
18 37 18 37
6 21 6 21
21 23 21 23
21 23 21 23
20 8 20 8
25 27 25 27
25 27 25 27
15 33 15 33
15 14 15 14
62 39 62 39
50 25 50 25
23 3 23 3
