195 168
61
74 43 172 43
126 130 63 130
127 2 64 2
3 90 64 90
135 2 188 2
179 166 126 166
10 130 62 130
10 48 57 48
125 133 125 166
193 43 173 43
62 51 62 68
126 148 126 131
61 53 61 37
63 82 63 66
63 11 63 23
62 24 62 36
73 43 62 43
188 84 188 93
190 65 190 74
181 152 181 161
187 94 187 103
191 64 191 55
192 39 192 30
189 6 189 15
182 142 182 151
185 113 185 122
4 83 3 91
190 18 191 26
64 89 64 81
189 75 189 83
8 117 8 125
9 129 9 122
7 60 7 66
184 129 184 123
6 112 6 106
64 4 64 10
134 2 128 2
6 73 6 67
184 130 183 135
8 59 8 54
183 141 183 136
5 78 4 82
192 50 192 54
4 96 4 100
188 7 188 3
186 108 186 112
191 31 191 27
193 38 193 42
3 92 4 95
7 116 7 119
190 14 190 17
9 53 9 50
186 104 186 107
5 74 5 77
180 163 180 166
5 100 5 103
7 112 7 115
5 104 5 106
10 128 10 129
190 23 190 23
3 94 3 94
