218 193
171
124 47 78 82
168 35 204 64
129 3 129 43
145 56 172 77
34 116 59 96
9 135 34 115
171 189 197 173
76 83 60 96
97 28 85 38
155 24 167 34
194 157 206 166
16 149 4 142
23 153 35 160
192 92 182 84
36 161 47 167
5 122 3 134
107 154 117 160
18 92 27 85
147 179 156 186
196 95 204 102
100 26 108 19
36 77 28 84
64 55 72 48
208 167 199 172
216 111 208 105
147 180 139 174
129 168 137 173
178 135 170 140
192 126 200 121
205 150 205 141
206 151 206 160
148 19 142 13
97 147 90 143
125 165 118 161
174 143 180 147
72 150 66 154
59 159 65 155
6 113 6 120
8 102 8 109
191 127 185 130
205 65 210 69
112 16 117 12
7 108 7 114
7 108 7 114
214 93 214 99
204 134 204 140
213 86 213 92
165 191 160 188
206 117 201 120
179 134 184 131
106 153 101 150
58 160 53 163
191 155 186 152
132 45 136 49
12 97 16 93
78 43 74 47
142 14 138 10
136 48 140 52
42 72 38 76
47 68 43 72
53 64 57 60
58 60 62 56
17 150 22 152
17 150 22 152
204 133 203 128
211 77 212 82
214 112 210 115
215 100 215 105
80 42 84 39
122 8 118 11
185 151 181 148
86 140 82 143
150 20 154 23
124 165 128 167
96 147 100 149
52 164 48 166
166 192 170 190
77 146 74 149
6 137 9 134
155 184 158 187
141 52 144 55
77 147 80 144
130 44 126 45
207 165 207 161
9 99 9 103
170 188 167 190
5 138 2 140
216 109 216 106
216 109 216 106
211 73 211 76
147 17 149 19
205 102 207 104
133 6 135 8
182 85 180 83
52 64 50 66
193 93 195 95
77 83 75 85
177 81 175 79
209 115 207 116
130 4 132 5
89 142 87 141
89 142 87 141
173 142 171 141
144 177 142 177
3 135 3 137
171 188 173 188
212 83 212 85
5 119 5 121
210 72 210 70
30 119 29 120
174 78 173 77
54 101 55 100
178 81 179 82
58 98 59 97
174 186 175 187
170 36 169 35
159 187 158 186
10 98 11 97
192 156 193 157
80 145 81 144
113 55 114 54
54 101 55 100
48 68 49 67
122 48 121 49
139 175 138 174
176 185 177 184
136 8 137 9
136 9 137 10
136 9 137 10
2 136 2 137
2 136 2 137
2 136 2 137
2 136 2 137
2 136 2 137
2 136 2 137
2 136 2 137
2 136 2 137
109 18 110 18
198 173 198 173
198 173 198 173
179 183 179 183
184 180 184 180
183 182 183 182
180 44 180 44
180 44 180 44
93 70 93 70
164 32 164 32
164 32 164 32
108 154 108 154
71 88 71 88
89 73 89 73
188 179 188 179
181 182 181 182
185 181 185 181
185 181 185 181
105 61 105 61
200 172 200 172
108 154 108 154
4 125 4 125
87 76 87 76
25 123 25 123
99 148 99 148
83 79 83 79
101 64 101 64
101 64 101 64
125 46 125 46
83 143 83 143
153 183 153 183
102 150 102 150
195 175 195 175
13 131 13 131
