200 165
61
57 43 155 43
9 3 94 3
189 3 123 3
130 88 190 88
69 128 13 128
125 163 71 163
56 43 11 43
197 43 156 43
95 3 122 3
127 119 127 138
70 146 70 128
128 106 128 123
71 145 71 162
11 115 13 127
193 70 191 82
6 17 4 29
4 53 4 63
6 69 6 79
7 77 7 87
5 61 5 71
9 103 9 93
10 111 10 101
8 85 8 95
126 137 126 147
126 148 125 157
129 104 129 95
2 38 2 47
190 3 192 11
128 101 129 109
193 22 193 14
196 35 197 42
194 61 194 68
3 55 3 48
195 54 195 60
194 27 194 21
196 49 196 54
11 109 11 114
196 48 197 44
125 162 125 158
125 162 125 158
3 39 3 35
3 39 3 35
130 93 130 89
192 12 192 16
7 9 8 6
195 31 196 34
129 92 130 95
4 33 4 30
192 82 192 79
195 27 195 30
195 27 195 30
7 10 7 13
190 85 190 87
191 84 191 86
3 32 3 34
12 117 12 119
8 5 8 3
126 154 126 153
5 19 5 20
193 67 193 68
192 73 192 73
