51 64
63
24 58 38 44
18 47 27 38
18 12 27 3
14 46 2 44
10 19 18 11
43 56 49 48
4 43 11 36
16 21 24 22
25 21 30 16
41 6 36 11
27 37 22 42
25 21 30 16
41 58 34 57
31 4 38 4
39 51 38 45
11 29 12 35
39 52 41 57
25 27 23 22
19 52 17 47
10 60 5 58
44 19 43 14
45 28 45 23
31 15 35 12
26 30 26 35
47 35 47 40
2 46 3 50
29 56 33 57
19 36 15 36
19 53 19 57
38 5 42 5
17 61 13 61
10 27 10 23
4 56 4 52
20 37 24 37
20 60 23 59
42 10 42 7
46 31 46 34
45 53 43 55
13 60 11 60
13 60 11 60
43 11 43 13
30 3 28 3
30 3 28 3
5 57 5 59
44 22 44 20
15 21 13 21
48 46 48 44
25 30 25 28
48 41 48 43
9 22 9 20
16 47 15 46
48 51 49 50
42 56 42 57
13 35 14 35
12 20 11 20
3 51 3 52
46 29 46 30
20 61 20 62
27 36 27 35
11 28 11 28
49 47 49 47
40 57 40 57
2 45 2 45
