55 67
45
3 14 3 39
26 37 38 46
39 10 28 2
41 23 41 36
40 23 40 11
53 44 53 56
27 55 36 62
28 14 28 3
15 30 15 19
19 50 26 55
16 13 16 5
48 41 42 36
19 32 25 37
46 51 52 55
12 45 18 49
45 50 39 46
11 44 5 40
51 57 46 62
43 64 48 59
28 13 23 10
47 39 51 43
41 65 45 61
53 57 49 60
8 10 5 13
8 10 5 13
12 7 9 10
23 7 26 4
16 14 15 18
16 31 19 33
7 36 4 38
39 64 42 63
15 5 13 7
11 33 9 35
14 31 12 32
19 7 17 6
22 7 20 8
52 43 51 42
38 63 37 62
43 36 43 36
43 36 43 36
45 39 45 39
21 9 21 9
51 55 51 55
42 37 42 37
22 35 22 35
