175 216
140
97 58 48 91
98 57 137 31
51 133 51 173
52 157 52 197
97 144 122 124
53 209 53 180
115 14 138 28
50 124 50 150
49 122 49 98
22 73 3 59
143 108 127 121
93 182 93 163
94 164 94 146
142 71 156 61
170 51 158 60
67 20 77 13
31 79 41 86
16 51 26 45
110 11 100 5
132 23 142 29
167 44 157 38
156 99 147 106
30 194 22 186
54 214 54 203
31 42 40 36
60 209 68 202
85 9 93 3
139 38 139 48
48 102 48 92
137 59 137 69
142 110 149 103
43 204 50 211
43 205 36 198
29 192 36 199
161 94 169 89
170 79 169 88
14 158 14 167
15 168 15 177
6 81 6 90
9 119 9 110
5 71 5 80
172 69 172 60
171 68 171 77
138 49 138 58
8 109 8 100
41 36 48 31
24 189 18 183
127 120 121 126
173 57 174 49
15 52 8 56
11 134 12 142
50 110 50 118
13 149 13 157
10 128 10 120
7 91 7 99
86 188 92 183
77 14 83 9
161 95 155 99
30 78 24 74
50 119 49 126
80 193 85 188
57 26 62 22
62 23 67 19
62 23 67 19
148 33 143 30
75 197 79 193
53 213 49 209
74 197 70 201
140 37 140 32
149 33 153 36
12 148 12 143
42 87 46 90
99 4 95 2
85 8 82 11
16 182 16 178
11 133 11 129
4 70 4 66
52 29 49 31
56 212 59 210
7 57 4 58
114 13 111 12
173 61 173 58
136 70 136 73
151 102 153 100
154 36 156 37
138 74 136 75
170 46 168 45
138 30 140 29
139 73 141 72
162 94 164 93
90 6 88 6
90 6 88 6
170 78 170 76
138 113 136 113
144 107 145 106
19 70 18 69
30 42 29 43
22 72 23 73
96 144 95 145
54 27 53 28
14 66 15 67
54 28 55 27
17 183 18 184
172 47 171 46
171 51 172 50
144 107 145 106
43 87 44 88
27 44 28 44
170 85 170 84
135 32 135 32
25 74 25 74
126 38 126 38
36 82 36 82
11 64 11 64
51 29 51 29
67 79 67 79
75 15 75 15
95 59 95 59
80 12 80 12
69 18 69 18
160 95 160 95
130 119 130 119
61 83 61 83
113 132 113 132
55 87 55 87
25 45 25 45
46 33 46 33
29 78 29 78
132 34 132 34
132 34 132 34
37 84 37 84
37 84 37 84
32 79 32 79
32 79 32 79
32 79 32 79
32 79 32 79
38 38 38 38
29 78 29 78
174 48 174 48
40 86 40 86
