69 54
51
3 40 27 40
20 16 8 32
37 27 50 27
12 52 25 52
37 53 24 53
46 15 33 15
4 41 12 51
66 30 58 40
33 14 40 4
58 15 51 25
29 3 41 3
46 14 58 14
47 40 57 40
27 6 21 14
63 21 59 14
44 7 48 13
43 36 39 30
28 40 32 46
67 28 64 22
55 34 51 29
55 35 59 40
42 45 46 40
33 47 36 52
32 34 29 39
36 28 33 33
38 50 41 47
8 33 5 36
39 31 37 28
43 6 41 4
38 8 40 6
64 31 66 29
35 12 37 10
43 6 41 4
62 36 62 34
51 28 51 26
42 4 43 5
10 50 11 51
4 38 5 37
44 38 45 39
28 5 28 4
60 39 60 39
60 39 60 39
60 39 60 39
60 39 60 39
60 39 60 39
4 42 4 42
50 15 50 15
63 20 63 20
38 28 38 28
38 51 38 51
57 16 57 16
