51 69
65
31 26 49 44
16 29 33 46
22 53 31 62
25 3 33 11
24 38 16 30
32 58 34 47
32 28 39 35
21 59 19 68
12 61 18 67
9 5 17 4
17 17 17 25
2 50 7 55
32 15 32 22
6 23 6 30
29 12 22 12
35 61 42 61
7 22 7 16
20 28 26 28
8 15 8 9
5 31 5 37
23 53 21 58
8 56 11 60
37 46 42 46
14 9 17 12
49 46 48 50
4 42 3 46
18 13 22 13
31 27 31 23
47 56 47 52
9 6 12 8
31 66 34 64
21 3 18 4
46 44 49 45
18 17 18 14
27 27 30 27
4 41 4 38
46 60 43 60
16 25 16 28
17 29 19 29
46 59 46 57
37 47 35 47
23 67 25 67
22 3 24 3
28 66 30 66
33 13 33 15
32 62 34 62
42 45 44 45
32 11 33 12
21 68 20 68
45 45 46 45
3 48 3 47
9 7 9 7
20 65 20 65
27 66 27 66
27 66 27 66
48 47 48 47
13 5 13 5
31 61 31 61
26 67 26 67
34 65 34 65
31 11 31 11
9 7 9 7
32 59 32 59
9 7 9 7
9 7 9 7
