70 51
49
22 19 5 36
27 49 44 32
24 3 44 7
65 12 68 26
65 11 51 8
7 16 16 7
51 23 63 25
14 26 22 18
37 20 47 22
53 33 45 32
21 14 21 6
3 22 8 16
3 22 8 16
15 7 20 2
4 32 4 25
12 45 18 47
26 48 21 48
33 19 28 19
7 36 11 38
17 41 14 44
67 27 64 30
60 33 63 30
14 37 18 38
59 34 55 34
45 7 49 7
18 40 20 37
67 26 64 25
19 47 22 47
20 6 20 3
50 8 47 8
12 44 11 42
23 3 21 2
50 23 48 22
25 4 27 4
11 39 11 41
52 9 54 9
25 18 27 18
5 33 5 35
34 20 36 20
44 6 43 6
12 37 13 37
54 33 55 33
25 49 26 49
37 5 38 5
57 10 58 10
44 6 43 6
41 6 42 6
12 46 12 46
31 5 31 5
