70 51
65
24 34 42 16
43 32 26 49
20 3 6 17
56 33 44 30
68 23 61 33
27 49 35 41
11 46 22 48
56 18 64 12
20 4 13 11
34 5 43 6
53 8 61 9
16 24 11 29
9 34 10 41
25 38 25 45
59 33 59 26
18 23 12 21
8 33 11 28
24 35 19 33
67 17 68 22
48 17 43 16
9 21 4 20
26 43 26 48
45 7 50 7
26 3 21 3
61 14 64 10
66 11 62 9
5 18 3 22
43 25 44 29
43 20 43 24
4 27 4 23
57 33 60 34
55 18 52 17
11 45 10 42
66 13 66 10
5 28 5 31
13 32 16 32
6 32 6 35
59 17 57 19
16 33 18 33
51 17 49 17
8 31 10 31
53 32 55 32
29 4 27 4
60 33 60 31
42 19 42 17
58 23 58 21
32 4 30 4
58 26 58 24
67 14 67 16
12 47 13 47
12 47 13 47
57 20 57 21
25 49 24 49
16 48 17 48
17 22 18 22
11 21 10 21
11 32 11 31
52 8 51 8
24 37 24 36
12 27 12 27
46 16 46 16
44 6 44 6
7 20 7 20
12 32 12 32
68 25 68 25
