67 55
55
32 3 58 3
58 25 44 46
26 28 2 28
3 29 12 39
39 53 26 53
25 29 18 39
23 15 11 15
46 2 57 2
3 27 9 19
44 20 50 12
58 5 64 13
15 40 24 40
44 45 40 52
51 10 55 4
63 18 59 24
34 35 38 29
21 45 17 40
24 41 30 41
35 48 32 44
31 4 28 8
24 49 21 46
26 52 23 49
31 39 31 43
38 52 36 49
64 17 64 14
19 38 21 36
39 27 41 25
25 12 27 10
42 23 44 21
59 5 58 4
8 19 9 18
5 32 4 31
33 37 33 36
33 37 33 36
14 39 13 39
24 14 24 13
24 14 24 13
10 17 10 16
56 29 56 29
9 37 9 37
9 37 9 37
9 37 9 37
39 28 39 28
39 28 39 28
39 28 39 28
63 19 63 19
48 39 48 39
19 39 19 39
11 16 11 16
50 36 50 36
25 52 25 52
65 15 65 15
46 42 46 42
58 26 58 26
18 42 18 42
