212 197
201
126 78 86 48
82 3 108 24
144 53 164 69
171 74 191 90
92 174 113 188
198 133 178 118
19 179 37 189
26 114 11 126
19 158 34 146
80 19 80 38
72 119 58 129
155 100 141 90
152 177 138 185
16 177 2 169
131 42 143 52
81 17 81 2
165 108 153 99
66 54 77 45
177 117 166 109
51 66 61 58
205 111 207 123
3 163 5 151
163 170 153 176
48 89 58 95
210 142 200 148
71 104 61 98
180 160 190 154
82 112 73 119
49 30 57 22
49 29 41 36
72 10 80 3
39 38 37 48
36 65 36 55
74 175 66 181
133 83 125 78
9 164 17 159
138 87 130 82
35 65 35 74
10 164 2 168
77 108 70 104
208 127 209 135
192 91 198 96
40 83 34 79
137 87 143 91
115 189 121 193
43 140 37 144
199 134 205 138
81 171 75 175
57 130 51 134
109 24 114 29
170 74 165 69
80 14 81 21
13 123 8 128
6 140 6 147
7 132 7 139
32 109 27 113
60 20 65 16
60 185 65 181
71 11 66 15
79 35 80 41
37 55 37 49
204 108 204 102
76 108 81 111
57 95 62 98
120 33 124 37
38 104 34 108
46 88 42 84
51 190 47 193
84 47 80 44
59 185 55 188
39 83 43 86
16 159 20 156
46 138 50 135
164 170 168 167
49 96 45 99
87 171 91 174
38 144 34 147
39 75 43 72
195 151 199 149
206 139 210 141
157 101 160 104
131 190 134 187
56 24 59 21
62 57 65 54
47 69 50 66
39 191 43 192
38 45 38 49
8 129 8 133
82 170 86 170
205 106 205 110
34 74 34 78
4 163 2 166
134 188 137 186
35 78 38 76
176 162 179 161
124 193 127 192
209 136 210 139
191 153 194 152
191 153 194 152
5 150 5 147
79 40 79 43
53 93 51 95
168 110 166 108
116 71 118 73
191 127 193 129
169 167 171 165
122 76 120 74
183 121 185 123
117 31 115 29
114 70 112 68
110 67 108 65
110 67 108 65
181 120 179 118
106 64 104 62
164 107 162 105
126 38 128 40
54 188 52 190
187 124 189 126
47 88 49 89
43 193 45 194
147 95 149 95
147 95 149 95
174 114 172 114
203 102 203 100
203 102 203 100
147 95 149 95
4 160 4 162
44 100 43 101
44 100 43 101
173 164 172 165
175 116 176 117
170 111 171 112
20 118 21 117
175 163 174 164
96 56 97 57
79 109 80 110
33 108 34 107
24 153 23 154
131 189 130 190
88 50 89 51
207 125 208 126
207 125 208 126
207 125 208 126
24 115 25 114
41 102 40 103
43 35 44 34
100 59 101 60
44 71 45 70
45 138 44 139
64 16 63 17
119 33 118 32
128 191 129 190
150 97 151 98
20 118 21 117
44 140 45 139
17 120 16 121
196 131 197 132
173 164 172 165
38 105 39 104
92 53 93 54
145 92 146 93
45 86 46 87
3 166 3 167
38 190 39 190
206 114 206 113
129 41 130 41
37 57 37 56
128 79 128 79
128 79 128 79
64 99 64 99
94 53 94 53
94 53 94 53
94 53 94 53
39 41 39 41
206 120 206 120
136 186 136 186
141 184 141 184
90 50 90 50
15 177 15 177
209 138 209 138
13 176 13 176
7 165 7 165
40 37 40 37
29 112 29 112
102 59 102 59
156 175 156 175
200 134 200 134
200 134 200 134
156 101 156 101
141 184 141 184
20 179 20 179
32 187 32 187
22 180 22 180
34 188 34 188
154 176 154 176
55 94 55 94
74 107 74 107
128 79 128 79
149 178 149 178
204 138 204 138
46 70 46 70
