51 70
62
36 4 18 22
49 27 33 43
10 13 21 2
23 48 25 60
41 36 33 44
41 34 49 26
47 12 40 19
28 13 35 6
17 22 20 29
16 22 9 20
32 3 25 3
48 22 48 15
4 18 10 21
38 14 39 20
21 34 21 40
34 54 34 48
31 63 27 67
35 55 33 60
25 67 20 67
7 16 10 12
20 35 20 30
37 8 35 4
4 26 3 22
10 54 11 58
37 9 38 13
38 10 42 10
8 48 8 44
18 66 22 66
43 11 47 11
7 15 5 18
17 66 14 65
49 25 49 22
22 46 22 43
26 65 26 68
6 34 6 37
11 59 11 62
5 20 3 19
5 20 3 19
9 49 9 51
25 61 25 63
47 15 47 13
7 41 7 43
33 47 33 45
22 40 22 42
19 30 19 28
5 31 5 33
31 62 32 61
25 64 26 63
24 57 24 58
7 40 7 39
24 2 23 2
12 63 12 64
13 65 12 65
24 57 24 58
9 53 9 52
35 54 35 54
35 54 35 54
5 30 5 30
38 20 38 20
24 68 24 68
11 11 11 11
22 2 22 2
