55 67
47
40 30 40 7
15 35 15 13
15 12 27 3
32 36 21 44
17 64 28 56
52 28 52 15
53 27 53 40
27 15 27 4
6 42 15 36
11 51 19 45
50 42 42 47
34 53 41 48
12 63 5 59
4 56 10 51
28 57 34 52
4 56 10 51
45 34 51 38
3 50 3 44
33 35 38 32
35 9 40 6
2 54 4 58
12 64 16 64
44 33 41 31
2 50 2 53
30 5 32 7
47 11 49 13
44 9 42 7
30 13 28 14
52 41 52 39
33 11 34 10
31 12 32 11
33 7 34 8
33 7 34 8
5 58 6 59
11 38 12 37
29 4 28 4
15 65 14 65
49 42 49 42
49 42 49 42
41 7 41 7
41 7 41 7
41 7 41 7
50 38 50 38
8 41 8 41
45 10 45 10
49 42 49 42
40 48 40 48
