175 215
172
66 13 93 34
143 107 168 127
93 35 93 57
120 198 138 188
50 51 50 70
52 13 52 31
48 90 48 108
49 71 49 89
51 32 51 50
101 76 115 86
137 167 137 151
100 161 88 152
136 141 136 156
76 202 64 195
89 210 77 203
137 142 148 150
12 150 23 142
138 179 138 166
47 7 38 16
62 135 72 142
12 62 12 74
14 44 14 56
13 53 13 65
2 157 12 163
143 185 153 179
15 165 25 171
51 187 61 193
128 179 137 186
32 21 40 13
8 109 8 98
134 100 142 107
31 175 40 180
4 145 4 135
73 142 81 148
5 126 5 136
44 11 51 4
26 26 33 19
53 129 61 134
11 76 10 85
172 154 172 163
53 3 53 12
170 139 170 148
47 109 47 118
40 130 48 126
121 175 128 180
20 31 26 25
136 103 130 97
7 112 6 120
169 136 168 128
94 66 93 58
96 212 103 208
171 147 171 155
15 39 15 47
3 152 3 144
139 187 139 179
113 85 119 90
58 7 64 11
171 168 165 172
120 174 114 170
121 91 127 95
163 160 157 156
26 140 32 136
11 151 5 155
41 181 47 185
161 174 155 178
118 199 112 203
93 63 94 70
9 93 9 100
94 61 94 54
106 165 101 161
10 86 9 92
6 127 6 121
38 132 33 135
103 77 98 74
108 166 113 169
168 164 173 167
135 145 135 140
111 203 107 206
94 213 90 211
117 87 120 90
148 149 151 152
173 162 173 166
16 38 16 34
11 75 11 71
2 153 2 156
7 111 7 108
169 140 169 137
167 163 165 161
147 111 149 113
50 6 52 4
69 15 67 13
29 174 27 172
126 95 128 97
130 98 128 96
138 104 140 106
143 108 145 110
84 150 82 148
95 71 97 73
57 6 59 7
142 186 140 187
154 154 156 155
37 132 39 131
63 11 65 12
11 81 11 83
10 91 10 89
48 185 47 184
48 185 47 184
152 115 153 116
72 17 73 18
24 142 25 141
145 147 144 146
111 84 110 83
55 5 54 4
49 126 50 127
97 72 98 73
87 30 88 31
105 78 106 79
145 147 144 146
87 152 86 151
56 5 55 4
163 122 164 123
152 115 153 116
163 173 164 172
132 100 131 99
152 152 153 153
30 174 29 173
105 207 104 207
52 128 51 128
52 128 51 128
52 128 51 128
52 128 51 128
52 128 51 128
52 128 51 128
4 156 3 156
50 186 49 186
50 186 49 186
50 186 49 186
52 128 51 128
14 164 13 164
7 117 7 118
93 68 93 67
63 194 62 194
107 165 107 165
66 137 66 137
16 165 16 165
16 165 16 165
73 201 73 201
131 182 131 182
131 182 131 182
135 189 135 189
80 204 80 204
86 209 86 209
86 209 86 209
47 125 47 125
6 155 6 155
27 140 27 140
107 81 107 81
42 182 42 182
172 168 172 168
78 203 78 203
138 186 138 186
141 144 141 144
91 33 91 33
79 24 79 24
60 134 60 134
16 165 16 165
54 129 54 129
124 94 124 94
157 119 157 119
107 165 107 165
169 164 169 164
45 126 45 126
