199 173
60
95 50 9 50
2 91 79 91
108 170 183 170
130 43 193 43
129 2 191 2
12 133 69 133
128 2 128 54
80 91 127 91
129 68 129 22
128 55 128 91
107 170 72 170
127 50 96 50
6 67 10 50
70 143 70 160
184 165 184 152
193 8 193 21
185 144 185 156
186 147 186 135
187 126 187 137
189 109 189 119
191 91 191 101
188 128 188 118
192 92 192 83
192 13 192 4
193 83 193 74
196 41 195 33
3 96 4 104
183 169 183 161
2 95 2 87
196 56 196 48
71 161 71 169
195 64 195 56
194 65 194 73
69 134 69 142
8 123 8 130
7 124 7 117
3 88 3 81
197 47 197 40
5 77 5 70
194 27 196 33
190 104 190 110
4 82 4 76
194 22 194 16
4 105 5 109
5 110 6 114
194 23 195 27
9 129 9 133
6 68 6 71
6 118 6 115
190 100 190 103
3 95 3 94
3 95 3 94
196 34 196 35
8 53 8 54
191 5 191 4
7 64 7 65
5 106 5 107
196 36 196 36
195 28 195 28
191 3 191 3
