211 197
203
33 81 105 23
203 128 157 93
54 103 86 78
148 56 177 79
190 181 168 193
142 12 160 27
208 168 190 155
67 182 85 192
131 13 131 33
70 183 54 174
208 170 192 179
206 151 209 169
14 97 26 87
116 55 104 64
102 185 90 194
118 176 106 183
32 160 20 153
163 136 174 144
145 102 156 94
161 192 151 184
130 112 140 119
136 175 146 181
132 43 132 32
176 63 176 74
161 28 169 35
55 174 46 169
8 146 17 151
130 13 130 3
156 131 148 125
80 190 88 195
181 149 188 154
137 175 130 171
4 124 4 132
6 111 6 119
175 56 175 64
160 190 166 195
28 85 34 81
169 85 163 89
170 84 176 80
127 5 122 10
140 11 135 6
205 147 205 140
3 131 3 138
5 125 5 118
204 139 204 132
123 173 117 176
47 108 42 112
103 65 98 69
119 12 114 16
138 48 143 52
194 179 188 181
173 38 173 44
174 43 174 49
157 132 162 135
150 184 145 181
175 145 180 148
27 123 23 127
36 117 40 113
111 18 107 22
138 106 134 110
11 99 15 95
36 163 41 165
174 50 175 55
2 142 2 137
8 138 12 135
8 101 8 106
177 78 177 73
138 107 142 104
93 73 97 70
2 142 2 137
101 187 105 184
171 192 167 194
45 168 41 166
133 44 136 47
146 124 143 121
28 123 31 120
15 133 18 130
158 93 161 90
22 127 19 130
203 129 203 133
119 53 122 51
144 53 147 55
33 161 36 162
208 160 207 163
126 171 123 172
206 147 206 150
7 105 7 108
23 89 25 87
23 89 25 87
23 89 25 87
23 89 25 87
201 164 203 166
201 164 203 166
123 50 125 48
33 119 35 117
186 153 188 155
141 120 143 122
91 192 89 194
127 47 129 45
193 158 195 160
49 107 51 105
89 76 91 74
132 111 134 109
191 157 189 155
201 164 203 166
122 9 120 11
170 36 172 37
27 86 29 85
7 109 7 111
207 153 207 155
131 44 130 45
129 170 128 169
172 143 173 144
152 186 151 185
199 163 198 162
161 91 162 90
104 185 103 186
107 183 106 184
20 91 19 92
172 76 171 75
133 5 132 4
10 99 9 100
143 103 144 102
7 145 6 144
98 189 99 188
186 182 185 183
14 133 13 134
113 17 112 18
113 17 112 18
95 191 94 190
95 191 94 190
95 191 94 190
183 151 184 152
183 151 184 152
131 171 130 170
129 4 128 5
19 152 18 152
117 54 118 54
117 54 118 54
117 54 118 54
117 54 118 54
127 170 126 170
208 167 208 166
174 53 174 54
175 80 175 80
175 80 175 80
175 80 175 80
47 169 47 169
47 169 47 169
164 194 164 194
168 85 168 85
31 160 31 160
31 160 31 160
96 30 96 30
205 167 205 167
158 133 158 133
158 133 158 133
195 178 195 178
115 177 115 177
115 177 115 177
185 115 185 115
199 176 199 176
88 77 88 77
32 120 32 120
76 46 76 46
101 26 101 26
161 135 161 135
133 172 133 172
48 107 48 107
53 104 53 104
181 185 181 185
39 165 39 165
125 172 125 172
147 124 147 124
125 172 125 172
201 175 201 175
59 176 59 176
29 159 29 159
141 11 141 11
74 185 74 185
168 139 168 139
189 118 189 118
37 164 37 164
37 164 37 164
3 143 3 143
197 161 197 161
49 170 49 170
193 121 193 121
164 89 164 89
96 30 96 30
207 170 207 170
38 78 38 78
106 22 106 22
165 137 165 137
183 184 183 184
126 48 126 48
65 181 65 181
109 182 109 182
175 190 175 190
173 191 173 191
143 180 143 180
175 80 175 80
81 42 81 42
