67 55
58
5 15 30 15
16 40 35 40
53 47 45 36
27 3 14 3
39 2 27 2
57 53 63 43
33 19 40 28
54 24 61 33
7 34 3 28
46 12 50 18
10 22 14 28
44 8 39 3
44 52 51 52
5 28 12 28
15 40 9 37
11 40 8 35
44 35 41 30
9 21 6 16
40 46 36 42
46 11 42 7
54 23 51 19
40 47 43 51
56 53 51 53
65 40 63 44
56 52 54 48
4 26 7 23
37 6 34 9
8 11 6 14
62 36 60 33
64 39 63 36
11 8 9 10
38 4 36 6
38 4 36 6
32 12 31 14
34 10 33 11
7 22 8 21
14 27 15 27
58 50 58 50
58 50 58 50
58 50 58 50
58 50 58 50
32 13 32 13
39 46 39 46
39 46 39 46
39 46 39 46
62 46 62 46
62 46 62 46
40 3 40 3
50 17 50 17
43 50 43 50
42 5 42 5
7 33 7 33
41 4 41 4
58 50 58 50
6 17 6 17
32 17 32 17
33 18 33 18
8 36 8 36
