186 217
174
89 84 117 63
82 88 61 104
47 141 47 115
91 142 91 166
92 188 92 165
25 202 5 191
33 48 50 35
117 20 132 8
90 2 90 21
91 22 91 39
99 33 112 23
91 190 77 198
154 57 142 47
163 64 175 74
105 132 93 141
55 117 67 126
77 132 89 141
159 23 170 33
62 207 49 214
4 177 4 164
5 167 5 154
10 104 10 117
7 147 7 134
11 107 11 94
6 157 6 144
9 114 9 127
8 124 8 137
74 178 64 172
138 21 138 10
139 20 139 31
140 30 140 41
39 210 48 215
129 55 121 61
48 114 48 124
46 161 46 151
130 116 122 122
35 47 27 53
76 14 68 20
76 132 68 126
150 16 143 9
61 25 54 32
18 61 25 54
84 184 76 179
15 181 7 186
16 62 14 71
182 66 183 75
3 174 3 183
38 209 30 205
178 85 171 89
46 150 47 142
92 189 85 185
13 79 12 87
179 53 179 45
86 5 80 10
92 4 98 9
182 80 176 75
48 162 54 166
75 14 81 10
52 110 58 106
164 94 170 90
70 202 64 206
106 132 112 128
26 174 32 170
106 132 112 128
46 138 46 145
180 52 180 59
136 112 131 116
137 112 142 108
130 54 135 50
157 59 162 63
102 12 107 16
154 101 159 97
89 83 84 87
146 106 151 102
141 40 141 46
12 91 12 97
137 5 137 11
181 64 181 58
178 41 178 47
76 199 71 202
184 81 179 84
21 177 16 180
76 199 71 202
115 126 120 123
38 166 33 169
117 64 121 60
152 17 156 21
139 47 135 51
55 167 60 169
14 72 13 77
62 25 66 22
48 36 52 33
94 37 98 34
142 9 139 6
116 20 113 23
26 54 23 57
151 103 154 100
20 58 17 61
53 32 56 29
2 184 2 188
2 184 2 188
2 184 2 188
13 78 14 75
25 175 22 176
184 77 183 80
63 171 60 170
26 203 29 204
47 162 44 162
47 162 44 162
13 87 13 84
173 36 171 34
133 8 135 6
41 164 39 166
61 26 59 28
44 39 46 37
174 36 176 38
65 22 67 21
4 190 2 189
177 41 177 39
177 41 177 39
92 141 90 141
92 141 90 141
12 88 12 90
69 20 70 19
143 108 144 107
49 112 48 113
82 89 83 88
131 54 132 53
131 54 132 53
29 52 28 53
144 48 145 49
89 3 88 4
51 115 50 114
121 122 122 121
53 116 54 117
161 96 160 97
85 7 84 8
172 72 173 73
59 105 60 104
43 163 42 164
179 77 178 76
131 54 132 53
113 128 114 127
157 22 158 22
156 58 155 58
5 187 6 187
183 76 183 77
100 10 99 10
31 205 31 205
100 75 100 75
82 196 82 196
83 183 83 183
63 206 63 206
125 119 125 119
51 111 51 111
51 111 51 111
4 188 4 188
182 65 182 65
87 4 87 4
71 17 71 17
30 50 30 50
8 192 8 192
182 79 182 79
50 112 50 112
90 190 90 190
51 111 51 111
55 166 55 166
96 138 96 138
145 106 145 106
177 75 177 75
66 204 66 204
86 185 86 185
68 98 68 98
65 172 65 172
