51 63
69
29 41 46 58
3 52 12 59
39 50 47 58
7 50 18 48
38 15 43 22
19 41 18 49
49 44 48 52
28 45 28 53
39 60 31 60
37 14 32 8
24 8 24 15
23 21 23 14
36 59 43 59
21 58 27 55
33 10 29 5
42 31 42 25
25 4 25 10
21 26 21 32
22 20 22 26
48 43 44 39
5 32 5 37
9 10 9 15
7 21 7 26
3 48 3 43
19 50 22 53
20 35 19 39
48 53 47 57
6 50 2 51
27 3 23 2
19 3 23 3
15 59 11 59
6 31 6 27
16 58 20 58
8 20 8 16
43 20 43 24
18 4 14 4
29 42 29 45
42 36 44 38
23 53 25 55
28 57 30 59
34 61 32 61
10 7 10 9
28 4 26 4
41 33 41 35
4 39 4 41
5 51 4 52
41 18 42 19
8 55 9 56
38 16 39 17
45 58 44 58
27 53 27 54
10 49 10 49
19 40 19 40
48 44 48 44
30 58 30 58
26 57 26 57
4 42 4 42
20 38 20 38
11 5 11 5
13 5 13 5
26 2 26 2
10 49 10 49
2 50 2 50
2 49 2 49
2 49 2 49
2 49 2 49
2 49 2 49
34 11 34 11
10 49 10 49
