189 176
67
57 43 123 43
124 3 60 3
125 93 188 93
108 174 169 174
4 136 63 136
56 174 107 174
55 174 9 174
54 95 9 95
134 52 179 52
59 57 59 87
125 55 125 81
61 123 61 99
126 57 126 34
62 110 62 132
58 69 58 48
125 33 125 15
57 51 57 35
58 36 58 22
60 75 60 89
124 79 124 93
59 23 59 10
184 121 186 109
179 155 179 167
181 140 181 151
182 143 182 132
180 148 180 159
60 95 60 105
7 104 6 113
187 85 188 94
124 14 124 5
7 169 7 160
184 66 185 74
3 135 4 143
60 90 61 98
178 171 178 163
183 127 183 135
6 161 6 154
186 108 186 101
4 125 4 132
8 173 8 166
187 104 187 97
63 128 63 135
60 11 60 4
8 97 8 104
5 148 5 154
182 57 182 52
183 63 183 58
184 122 183 126
184 128 184 124
5 124 5 120
186 81 187 84
186 81 187 84
186 77 186 80
6 117 6 114
177 174 177 171
3 134 3 131
185 109 185 112
7 101 7 103
9 96 9 98
9 96 9 98
4 146 4 144
185 120 185 118
5 117 5 119
185 120 185 118
184 64 184 65
185 76 185 75
125 43 124 43
