199 173
61
91 123 189 123
71 102 71 171
85 3 17 3
72 130 6 130
134 82 71 82
70 171 8 171
197 82 135 82
187 40 131 40
72 104 72 147
86 3 128 3
71 83 71 101
73 123 90 123
15 23 13 35
12 41 12 53
9 81 9 69
10 72 10 60
129 11 129 22
8 90 8 79
11 62 11 51
130 34 130 23
5 118 5 107
3 135 3 126
5 142 5 151
4 125 4 116
7 167 7 158
4 143 4 134
6 150 6 159
15 17 16 9
192 52 193 60
7 93 6 101
197 78 197 86
13 36 13 44
191 47 190 40
196 72 196 79
193 102 193 109
194 96 194 103
196 85 196 92
195 66 195 73
191 116 190 122
128 10 128 4
194 61 194 67
192 111 191 115
6 106 6 102
7 92 7 88
8 170 8 166
15 22 15 18
131 39 131 35
192 51 191 48
195 91 195 94
195 91 195 94
17 4 17 7
192 110 192 108
16 14 16 16
195 97 195 95
14 24 14 26
6 109 6 107
14 33 14 32
191 120 191 119
7 99 7 98
14 35 14 34
192 114 192 114
