64 51
59
42 24 58 40
5 5 21 2
9 27 6 41
20 2 30 12
45 9 54 18
53 18 62 27
51 32 43 24
27 27 19 19
10 28 18 35
44 9 34 11
60 41 50 43
9 43 15 49
3 22 3 14
19 37 14 32
11 19 18 18
9 20 2 20
4 16 4 9
19 14 19 7
35 25 41 24
62 28 61 34
8 27 4 23
8 26 4 22
28 21 27 26
30 47 25 47
24 48 19 48
48 44 43 44
42 45 37 45
32 26 28 27
12 40 16 39
44 15 44 19
29 15 29 19
60 42 60 38
60 42 60 38
20 37 17 39
18 49 15 48
43 23 44 20
8 41 9 44
30 15 31 12
61 35 61 38
45 10 45 13
10 19 7 19
20 6 20 3
18 17 18 15
14 4 16 4
2 21 2 19
5 6 5 8
9 41 7 41
33 26 35 26
32 46 34 46
33 11 32 12
28 19 28 20
9 40 10 40
36 46 35 46
21 38 21 38
21 38 21 38
19 3 19 3
31 46 31 46
7 42 7 42
62 31 62 31
