190 176
58
52 174 150 174
133 43 65 43
5 93 65 93
128 136 188 136
126 2 66 2
8 51 57 51
182 95 136 95
51 174 13 174
151 174 182 174
133 32 133 56
65 69 65 46
66 70 66 93
132 74 132 52
129 106 129 127
130 109 130 88
132 12 132 33
131 91 131 70
65 41 65 22
66 3 66 21
7 135 7 124
9 140 9 151
128 135 128 124
4 112 4 101
8 132 8 143
11 163 13 173
131 3 131 13
6 122 5 114
185 156 186 148
183 101 184 109
186 126 186 118
188 139 188 131
6 70 6 63
6 70 6 63
4 86 4 79
187 125 187 132
185 112 185 119
5 71 5 78
12 164 10 158
10 153 11 159
3 99 2 94
8 52 7 57
182 172 183 167
6 123 6 128
187 145 187 140
184 163 184 158
183 100 182 96
3 100 3 104
5 109 5 113
10 152 10 148
3 87 3 91
127 2 131 2
184 112 184 110
11 157 11 155
7 62 7 60
183 164 183 166
5 119 5 120
186 146 186 147
183 106 183 106
