183 212
188
133 33 167 60
80 27 49 3
2 78 26 58
92 100 92 124
9 37 27 22
93 79 93 99
7 80 23 92
67 59 53 49
132 208 118 200
169 192 155 200
47 10 47 26
46 36 46 20
160 171 148 162
35 100 23 91
36 100 48 109
150 203 137 210
94 185 82 178
77 134 87 127
4 68 6 56
134 48 134 60
172 101 172 89
49 128 49 116
173 99 173 111
48 127 48 139
47 150 47 138
58 148 67 141
84 85 93 78
174 110 174 121
179 161 179 172
178 151 178 162
48 17 48 6
100 189 109 194
69 170 60 165
177 141 177 151
135 69 135 59
30 20 37 13
128 149 136 154
106 134 114 139
133 38 134 47
169 62 169 71
171 82 171 91
180 171 180 180
71 171 78 176
85 72 92 77
133 34 126 38
170 73 171 81
110 195 117 199
175 127 176 135
111 50 117 45
75 91 81 87
127 148 121 144
124 40 118 44
52 108 58 104
140 157 146 161
76 66 82 70
178 183 172 179
162 172 168 176
60 102 66 98
28 57 33 52
39 47 34 52
38 13 43 8
50 110 50 117
46 156 46 149
100 129 105 133
113 52 118 56
52 152 57 148
67 97 72 93
47 45 52 49
104 45 109 49
2 77 4 71
45 35 44 41
7 53 7 47
170 191 175 188
131 208 136 211
176 188 181 185
44 7 49 4
9 38 8 43
95 126 99 129
176 141 176 136
101 43 97 40
134 68 130 65
45 29 45 34
87 32 91 35
96 39 92 36
99 188 95 186
47 157 51 159
74 136 71 139
125 61 128 64
119 143 116 140
73 64 70 61
31 18 28 21
45 39 44 43
10 83 7 81
81 28 84 30
151 202 154 201
60 164 57 163
52 160 55 161
170 81 170 78
8 44 8 47
181 184 181 181
42 45 40 47
78 175 80 177
124 61 122 59
50 153 48 155
82 86 84 84
171 178 169 177
121 58 119 57
4 69 3 71
5 79 6 81
175 126 175 124
6 55 6 53
6 55 6 53
6 55 6 53
6 55 6 53
133 35 133 37
49 7 49 5
175 121 175 123
49 109 51 109
170 68 170 70
24 24 23 25
69 140 68 141
84 72 83 71
138 155 139 156
68 60 69 61
11 84 12 85
74 92 73 93
118 45 119 44
115 140 116 141
161 171 160 170
161 171 160 170
75 65 74 64
45 106 44 105
45 106 44 105
45 106 44 105
45 106 44 105
119 142 120 143
119 142 120 143
119 142 120 143
119 142 120 143
137 155 138 156
110 50 111 51
75 65 74 64
45 7 44 8
76 135 75 136
47 107 48 108
74 92 73 93
93 125 94 125
85 31 86 31
5 65 5 66
102 44 103 44
180 184 179 184
119 200 119 200
3 76 3 76
3 76 3 76
156 200 156 200
156 200 156 200
112 51 112 51
53 108 53 108
53 108 53 108
70 171 70 171
107 134 107 134
103 190 103 190
5 59 5 59
98 188 98 188
89 126 89 126
56 162 56 162
26 94 26 94
96 187 96 187
125 39 125 39
111 195 111 195
129 64 129 64
14 86 14 86
173 179 173 179
5 59 5 59
47 155 47 155
127 38 127 38
57 104 57 104
157 168 157 168
15 33 15 33
83 178 83 178
168 192 168 192
156 200 156 200
116 198 116 198
121 201 121 201
113 139 113 139
3 76 3 76
3 79 3 79
65 98 65 98
