69 54
60
29 51 3 16
58 40 32 40
2 15 26 15
41 52 33 40
36 28 50 28
45 15 58 15
24 3 11 3
27 14 34 4
50 29 57 39
43 18 36 27
66 29 61 19
35 2 24 2
42 50 48 41
40 8 44 16
64 31 59 38
9 7 4 12
39 7 36 2
27 15 30 19
35 51 30 51
8 7 11 4
33 23 30 20
6 11 3 14
40 52 36 52
33 24 35 27
50 27 52 24
33 41 33 39
54 21 53 22
7 21 8 22
34 43 35 44
5 18 4 17
11 26 10 25
14 30 13 29
66 26 67 27
66 26 67 27
59 17 60 18
56 18 57 17
51 29 50 30
54 21 53 22
41 51 42 51
65 29 65 30
22 41 22 41
55 20 55 20
25 45 25 45
25 45 25 45
16 33 16 33
16 33 16 33
53 23 53 23
55 19 55 19
37 27 37 27
43 17 43 17
53 34 53 34
39 6 39 6
61 20 61 20
25 45 25 45
10 4 10 4
53 32 53 32
56 38 56 38
55 20 55 20
37 25 37 25
35 3 35 3
