218 193
174
152 141 210 95
31 143 62 168
90 150 119 128
51 121 72 138
89 172 89 151
201 66 216 54
90 171 90 189
135 53 149 43
32 42 19 32
161 96 149 105
159 36 171 27
116 43 128 51
96 186 107 177
67 12 79 19
81 21 93 28
53 122 42 114
37 45 48 53
144 109 133 117
38 61 49 54
67 11 56 5
213 75 211 87
186 36 176 30
209 50 199 44
43 8 53 2
82 146 74 138
182 80 190 74
19 95 26 102
33 106 40 113
15 92 22 99
17 95 10 88
23 136 30 143
86 149 79 142
12 127 19 134
70 135 77 142
31 106 24 99
16 75 8 80
7 111 8 120
167 91 174 86
29 16 22 21
35 109 29 103
18 132 24 138
35 109 29 103
77 180 83 186
24 70 17 74
15 60 16 68
99 32 92 28
214 72 214 64
201 65 195 70
194 41 188 37
175 85 181 81
162 95 168 91
126 123 120 127
108 38 114 42
77 181 72 176
67 172 72 177
3 85 4 92
13 41 13 48
215 58 215 65
14 49 14 56
12 33 12 40
7 87 12 91
34 14 39 10
151 142 146 146
6 102 6 108
25 69 30 66
100 33 105 36
44 8 39 11
87 189 83 185
119 168 123 164
113 172 109 176
10 126 14 130
10 126 14 130
118 168 114 172
129 160 133 156
17 24 12 26
133 54 129 51
140 151 136 154
5 101 5 96
8 87 4 84
11 27 11 32
210 51 214 53
36 45 33 42
155 39 158 36
18 32 15 29
125 163 128 160
63 130 60 127
65 131 68 134
34 13 31 16
130 120 127 122
194 71 191 73
132 118 129 120
148 106 145 108
82 21 79 20
172 28 175 29
195 42 198 43
210 91 210 94
211 88 211 91
9 122 9 125
213 71 213 74
152 41 154 39
152 41 154 39
152 41 154 39
85 147 83 145
31 15 29 17
88 189 90 191
40 112 38 110
125 123 127 121
110 134 108 136
143 148 141 150
65 171 63 169
64 10 66 11
56 4 54 3
5 82 7 81
4 93 4 95
15 57 15 59
216 59 216 57
35 63 36 62
43 114 44 115
98 143 97 144
18 23 19 22
134 156 135 155
105 138 106 137
189 74 188 75
58 126 57 125
150 42 151 41
137 51 138 50
143 109 142 110
144 148 145 147
34 145 35 146
34 145 35 146
34 145 35 146
113 132 114 131
113 132 114 131
30 142 29 141
117 129 118 128
101 141 102 140
150 105 151 104
134 117 135 116
13 28 14 29
88 150 87 149
42 113 41 113
212 85 212 84
68 12 69 12
7 110 7 109
34 64 34 64
24 19 24 19
84 22 84 22
50 5 50 5
8 121 8 121
139 112 139 112
90 27 90 27
40 150 40 150
62 9 62 9
3 83 3 83
3 83 3 83
138 114 138 114
180 81 180 81
176 85 176 85
70 13 70 13
58 5 58 5
147 106 147 106
48 6 48 6
163 95 163 95
60 8 60 8
216 55 216 55
90 27 90 27
104 36 104 36
124 164 124 164
193 71 193 71
45 117 45 117
78 19 78 19
205 62 205 62
159 98 159 98
108 176 108 176
