54 69
67
26 59 52 40
41 36 41 10
16 10 30 3
28 19 28 33
15 55 15 42
4 45 4 58
3 32 3 45
53 28 43 21
16 54 16 66
31 4 40 10
53 29 52 37
27 18 20 14
16 41 9 37
21 63 27 59
11 63 16 67
15 11 15 17
27 31 22 28
4 31 7 36
11 27 16 24
5 58 9 62
33 16 29 19
16 23 16 18
10 62 7 59
9 28 6 31
28 2 25 4
37 14 40 12
20 64 17 66
19 13 16 12
21 28 19 26
44 34 46 32
18 40 20 38
50 29 49 31
30 4 32 4
27 34 27 32
27 34 27 32
39 10 40 9
39 10 40 9
39 10 40 9
39 10 40 9
33 17 34 16
10 28 9 29
36 14 35 15
24 36 25 35
6 30 5 31
46 33 47 32
22 37 23 36
52 38 52 39
52 29 51 29
17 25 18 25
42 35 43 35
17 10 17 10
17 10 17 10
17 40 17 40
13 64 13 64
46 45 46 45
48 31 48 31
21 27 21 27
17 40 17 40
50 42 50 42
19 9 19 9
33 6 33 6
38 51 38 51
36 8 36 8
4 34 4 34
35 6 35 6
34 54 34 54
38 8 38 8
