69 54
61
11 40 37 40
46 28 20 28
16 3 40 3
56 40 46 53
12 39 19 29
38 42 45 51
24 14 17 5
65 40 55 40
24 15 14 15
55 23 49 15
17 23 12 15
8 16 12 9
67 40 63 46
39 36 44 31
52 52 58 52
63 35 60 30
10 39 7 34
44 8 47 12
15 4 13 8
5 24 3 28
62 47 59 50
53 37 54 41
51 53 47 53
57 26 59 29
49 32 47 29
64 36 66 39
37 39 39 37
50 34 52 36
4 30 6 32
8 19 10 17
47 52 45 52
23 14 23 12
23 14 23 12
47 52 45 52
51 45 50 46
45 29 44 30
19 26 20 27
10 16 11 15
43 6 42 5
62 46 63 45
8 20 7 21
6 22 6 23
56 25 56 24
56 25 56 24
48 14 48 13
48 14 48 13
50 33 50 33
6 33 6 33
20 8 20 8
20 8 20 8
12 17 12 17
53 42 53 42
13 18 13 18
44 51 44 51
17 4 17 4
15 34 15 34
19 30 19 30
15 36 15 36
12 16 12 16
7 15 7 15
47 50 47 50
