183 212
182
82 35 126 9
49 210 79 186
133 180 161 158
51 104 73 120
112 164 132 179
53 164 72 149
92 101 92 124
134 178 134 155
170 22 150 11
90 136 73 149
74 121 88 131
135 144 135 161
49 104 36 112
82 83 70 74
151 49 163 40
48 67 48 81
81 36 69 43
181 29 169 22
48 59 59 67
49 82 49 95
91 89 91 102
28 191 37 200
36 198 45 207
117 71 107 78
4 143 6 155
93 135 93 123
46 57 56 51
53 163 44 170
21 185 29 193
46 182 44 171
46 182 44 171
18 183 10 176
180 30 171 35
127 8 136 3
178 62 178 52
171 136 171 126
173 105 173 115
174 104 174 94
139 57 147 51
118 71 126 65
88 180 80 186
169 152 162 158
162 42 169 36
175 84 175 93
48 196 48 205
170 137 170 146
47 196 47 187
172 116 172 125
179 51 179 42
125 152 118 157
20 150 14 144
40 167 34 161
142 6 149 10
176 83 176 75
78 146 84 141
106 78 100 83
94 175 100 171
8 131 14 127
111 162 117 158
8 139 13 144
28 156 33 161
50 96 50 103
133 179 133 172
47 59 47 66
7 158 7 165
133 61 138 57
129 149 134 145
46 189 46 183
8 171 8 165
177 63 177 69
30 116 35 113
93 88 97 84
3 135 7 139
48 209 44 205
128 64 132 61
128 64 132 61
128 64 132 61
90 137 86 140
180 41 180 36
93 176 89 179
105 167 101 170
19 124 15 126
24 153 27 156
19 184 22 187
86 86 83 83
3 136 4 140
177 70 176 74
49 209 49 205
169 151 169 147
9 171 9 175
92 134 89 132
169 37 172 35
141 6 138 4
60 49 57 50
150 49 148 51
73 192 75 190
65 46 67 44
25 120 27 118
70 152 72 150
106 166 108 164
89 88 87 86
65 71 63 69
60 67 62 69
21 150 23 152
126 151 128 149
41 167 43 169
110 163 108 165
5 133 7 132
123 10 125 10
65 198 63 198
45 179 45 181
65 115 64 114
74 149 75 148
53 106 52 105
68 73 69 74
20 123 21 122
23 121 24 120
100 170 99 171
61 48 62 47
102 82 103 81
61 112 60 111
79 124 78 123
70 194 69 195
58 202 59 201
100 82 99 83
76 122 75 121
29 117 28 118
56 161 57 160
56 161 57 160
108 78 109 77
108 78 109 77
108 78 109 77
87 180 86 181
87 180 86 181
87 180 86 181
57 109 56 108
64 46 63 47
64 46 63 47
67 154 68 153
112 75 111 76
103 168 104 167
108 78 109 77
4 141 3 140
106 79 105 80
79 187 78 188
87 131 86 130
96 86 97 85
45 172 45 173
45 172 45 173
45 172 45 173
67 72 66 72
6 159 6 158
115 16 115 16
60 202 60 202
85 34 85 34
85 34 85 34
178 26 178 26
92 136 92 136
82 126 82 126
151 11 151 11
120 13 120 13
120 13 120 13
70 43 70 43
68 117 68 117
176 25 176 25
176 25 176 25
115 73 115 73
76 147 76 147
91 136 91 136
120 13 120 13
110 19 110 19
91 177 91 177
83 183 83 183
82 185 82 185
172 23 172 23
46 177 46 177
130 7 130 7
95 28 95 28
95 175 95 175
5 152 5 152
152 166 152 166
116 158 116 158
