198 172
56
11 82 109 82
128 82 128 160
116 3 183 3
129 130 195 130
10 123 76 123
10 40 69 40
129 170 188 170
127 123 77 123
129 150 129 105
72 3 115 3
110 82 127 82
70 21 70 33
71 21 71 9
5 94 3 83
195 134 195 143
128 161 128 170
196 126 196 135
195 125 195 116
187 50 187 41
189 60 189 69
192 97 192 88
192 162 191 170
185 23 185 31
191 87 191 79
194 107 194 115
193 98 193 106
188 59 188 51
190 70 190 78
194 142 194 150
186 40 186 32
192 161 193 154
5 66 5 73
6 60 6 67
4 72 4 79
8 56 8 49
9 113 9 120
9 50 9 43
3 82 10 82
8 112 7 106
69 33 69 39
184 16 184 22
7 61 7 55
184 15 183 10
72 9 72 4
5 95 6 98
10 41 10 44
3 78 3 81
10 119 10 122
193 153 193 150
7 102 7 105
6 100 6 103
5 96 5 97
183 9 183 8
6 99 6 99
7 109 7 109
4 85 4 85
