211 197
157
85 192 141 146
144 144 195 102
145 104 109 132
5 29 29 47
34 118 54 134
22 17 42 5
186 73 204 59
47 60 30 47
80 154 80 175
81 195 81 174
78 87 62 99
202 51 187 41
5 26 20 18
55 104 43 95
175 81 163 90
145 16 133 9
66 143 55 135
73 21 85 27
62 13 72 20
101 17 91 23
53 7 62 14
44 111 35 117
95 143 103 136
15 73 23 80
132 8 123 3
68 75 60 69
37 135 37 145
42 94 34 88
178 36 186 41
208 61 207 70
36 137 36 128
38 154 38 145
171 32 164 27
45 110 52 105
62 179 56 173
69 184 75 190
49 167 55 173
205 86 205 78
6 55 6 47
48 60 54 65
158 24 164 28
68 184 63 179
68 184 63 179
68 184 63 179
204 92 204 85
7 60 7 53
5 47 5 40
4 32 4 39
206 72 206 79
116 7 122 4
11 71 8 65
56 103 61 99
183 75 178 79
35 126 35 120
102 16 107 13
152 20 157 23
8 25 3 28
152 20 157 23
155 97 159 93
155 97 159 93
155 97 159 93
28 83 32 87
196 102 200 98
49 5 44 4
72 148 76 151
54 9 50 6
89 147 85 150
203 91 203 96
74 79 78 82
71 147 67 144
206 53 202 50
78 88 82 85
209 55 209 60
146 17 150 19
86 26 90 24
115 8 111 10
58 68 55 65
42 162 39 159
79 193 76 190
150 100 147 103
15 74 12 71
35 129 36 125
39 158 39 154
3 29 3 33
81 153 84 151
7 63 8 60
43 162 45 164
174 34 172 32
44 95 46 97
105 135 107 133
151 100 153 98
70 76 72 78
160 93 162 91
46 165 48 167
27 83 25 81
77 152 79 153
77 152 79 153
81 84 79 83
207 71 207 73
8 62 8 64
52 106 53 105
33 87 32 86
33 87 32 86
65 16 64 15
40 92 41 93
22 16 21 17
74 91 75 90
74 91 75 90
207 65 208 66
175 34 174 33
71 19 70 18
48 98 49 99
93 144 94 143
205 53 204 52
200 49 199 48
91 146 92 145
202 97 201 98
73 20 74 21
109 12 110 11
34 121 34 120
34 121 34 120
176 35 177 35
208 60 208 59
185 74 184 74
176 80 177 80
84 193 83 193
207 54 208 54
142 145 143 145
65 96 65 96
108 133 108 133
132 153 132 153
48 4 48 4
69 76 69 76
46 3 46 3
92 23 92 23
50 100 50 100
179 36 179 36
134 9 134 9
134 9 134 9
62 70 62 70
37 120 37 120
194 45 194 45
89 189 89 189
89 189 89 189
148 141 148 141
31 11 31 11
71 93 71 93
86 27 86 27
24 15 24 15
46 3 46 3
59 68 59 68
44 57 44 57
78 23 78 23
15 20 15 20
17 19 17 19
17 19 17 19
24 80 24 80
