67 55
55
32 53 57 53
27 28 3 28
41 30 54 49
12 16 4 26
58 51 66 41
39 3 27 3
54 25 61 34
31 17 36 7
23 24 18 14
45 12 51 20
40 5 45 11
9 37 5 31
36 23 40 29
30 49 25 44
17 40 11 40
24 15 30 15
22 9 19 14
35 21 32 17
61 35 64 39
23 23 26 27
18 41 23 41
51 21 54 24
13 16 17 16
38 3 37 6
20 16 23 16
32 52 30 50
26 4 24 6
23 8 25 6
18 17 19 19
55 50 56 52
24 40 24 42
10 39 10 37
10 39 10 37
10 39 10 37
10 39 10 37
10 39 10 37
53 47 54 48
4 30 3 29
35 22 34 21
36 8 36 8
41 31 41 31
9 36 9 36
5 32 5 32
49 41 49 41
31 13 31 13
40 4 40 4
61 48 61 48
64 44 64 44
25 43 25 43
40 28 40 28
45 37 45 37
43 34 43 34
22 21 22 21
36 8 36 8
31 14 31 14
