217 193
209
129 191 129 150
208 89 176 114
44 85 19 66
130 190 152 172
122 30 146 15
74 108 94 124
199 33 180 46
45 124 63 138
158 128 174 115
185 14 167 4
163 3 147 15
64 139 79 151
15 46 29 38
89 52 102 43
210 124 199 133
4 53 16 46
49 28 60 36
112 137 122 145
74 45 84 53
144 139 134 147
171 52 181 46
114 36 104 42
95 164 86 157
196 21 187 15
153 171 161 164
114 180 106 173
199 73 208 78
216 83 207 78
53 92 61 98
190 141 197 134
160 166 167 159
179 46 172 53
184 146 191 139
166 161 173 154
172 156 179 149
185 144 178 151
113 36 121 31
184 63 192 68
205 42 205 51
206 41 206 32
207 27 200 32
177 59 170 54
123 186 116 181
214 96 215 88
3 54 4 62
7 77 7 85
5 72 5 64
203 25 197 21
151 133 157 129
32 113 37 118
6 78 6 71
8 84 8 91
30 37 36 34
4 55 9 59
62 99 67 103
29 111 24 107
39 119 44 123
14 99 19 103
80 152 85 156
213 103 214 97
204 52 204 58
204 52 204 58
195 70 200 73
170 5 165 2
73 108 69 104
105 172 101 169
43 29 39 32
181 61 177 58
124 187 128 190
211 113 211 118
148 136 152 133
9 95 13 98
86 54 83 51
86 54 83 51
108 134 111 137
135 145 132 148
99 127 102 130
74 46 71 43
14 62 17 65
112 177 115 180
14 62 17 65
64 39 61 36
14 62 17 65
124 30 120 31
9 94 9 90
203 66 203 62
212 86 209 88
23 106 20 104
49 89 52 91
145 15 142 17
66 40 69 42
47 27 44 29
128 27 125 29
212 106 212 109
210 119 210 122
207 28 207 31
139 142 137 144
139 142 137 144
173 117 175 115
109 175 107 173
106 133 104 131
158 8 160 6
198 134 196 136
45 86 47 88
155 130 157 128
109 175 107 173
98 127 96 125
148 135 146 137
32 114 30 112
139 142 137 144
12 61 10 59
98 167 96 165
206 26 204 25
145 138 147 137
4 65 4 63
204 61 204 59
216 84 216 86
156 9 154 9
212 112 212 110
193 68 194 69
151 11 152 10
141 141 142 140
183 109 182 110
164 124 165 123
97 165 98 166
197 34 198 33
38 32 37 33
194 70 193 69
37 117 38 118
37 117 38 118
100 45 99 46
92 162 93 163
100 168 99 167
117 34 116 35
194 36 195 35
194 36 195 35
162 5 161 6
102 44 103 43
102 44 103 43
102 44 103 43
179 60 180 61
179 60 180 61
139 19 140 18
143 139 144 138
191 38 192 37
154 171 155 170
117 181 118 182
77 150 78 151
182 61 183 62
183 45 184 44
97 47 96 48
148 175 149 174
190 67 191 68
178 113 179 112
147 14 148 13
64 38 65 39
3 59 3 58
213 105 213 104
155 10 155 10
155 10 155 10
18 45 18 45
18 45 18 45
188 40 188 40
91 51 91 51
187 106 187 106
174 56 174 56
174 56 174 56
182 44 182 44
201 32 201 32
201 73 201 73
182 62 182 62
215 84 215 84
215 84 215 84
205 91 205 91
62 137 62 137
62 137 62 137
205 29 205 29
149 12 149 12
103 130 103 130
202 74 202 74
202 74 202 74
48 28 48 28
48 28 48 28
102 169 102 169
94 49 94 49
205 29 205 29
137 20 137 20
52 129 52 129
133 24 133 24
205 91 205 91
11 48 11 48
215 87 215 87
42 122 42 122
18 65 18 65
171 53 171 53
194 19 194 19
186 15 186 15
174 56 174 56
80 49 80 49
5 53 5 53
210 79 210 79
201 94 201 94
82 153 82 153
184 14 184 14
136 22 136 22
18 45 18 45
83 155 83 155
172 6 172 6
174 7 174 7
