175 216
130
23 116 53 92
125 37 125 66
127 113 127 84
124 42 124 14
126 61 126 89
165 152 145 137
82 70 64 84
173 156 155 143
101 20 117 7
128 125 128 107
123 2 123 18
124 3 136 13
3 167 15 158
90 150 78 159
106 199 94 206
23 153 34 145
39 149 39 162
82 57 82 69
83 35 83 47
15 175 5 169
125 187 135 181
164 163 174 157
82 214 72 208
145 136 135 130
137 14 145 21
25 181 16 176
107 198 116 193
143 176 152 171
62 202 71 207
57 173 65 167
149 24 156 31
114 134 122 129
38 172 37 181
4 164 4 155
6 139 6 148
7 131 7 140
5 156 5 147
117 192 124 188
54 197 61 201
83 48 82 56
172 137 172 145
172 137 172 145
163 65 163 57
171 128 171 136
162 56 162 48
38 163 38 171
170 127 170 119
161 47 161 39
165 83 165 75
169 110 169 118
166 84 166 92
168 101 168 109
164 66 164 74
92 207 86 212
42 183 36 187
73 162 67 166
161 165 155 169
52 176 46 180
113 135 107 139
33 186 27 182
18 120 23 115
18 120 23 115
40 141 40 148
167 93 167 100
132 128 138 131
92 27 97 23
91 150 96 146
133 127 127 126
48 193 43 190
101 143 106 140
18 119 14 123
171 156 167 153
59 88 55 91
8 127 8 132
38 189 34 186
3 163 3 168
142 177 138 179
53 196 49 194
35 144 39 142
154 143 151 140
146 22 149 25
41 189 44 192
87 31 90 28
74 161 77 159
74 161 77 159
121 4 118 6
97 146 100 144
39 188 41 191
95 206 92 208
86 32 83 34
160 36 159 33
173 146 173 149
16 158 18 156
16 158 18 156
142 135 144 137
126 126 124 128
150 140 148 138
12 124 14 122
56 173 54 175
156 30 158 32
140 132 140 134
140 132 140 134
140 132 140 134
140 132 140 134
37 184 37 182
61 86 60 87
20 155 19 156
45 181 44 182
45 181 44 182
43 182 44 181
154 169 153 170
100 21 99 21
160 38 160 37
137 180 136 180
163 164 162 164
11 125 10 125
89 209 89 209
81 156 81 156
54 92 54 92
67 82 67 82
115 134 115 134
144 176 144 176
144 176 144 176
71 79 71 79
173 150 173 150
89 209 89 209
32 108 32 108
9 126 9 126
62 85 62 85
63 85 63 85
