196 169
65
168 167 70 167
70 39 9 39
60 126 120 126
64 79 5 79
71 39 125 39
193 126 139 126
126 3 177 3
9 121 56 121
125 3 125 37
188 167 169 167
126 21 126 39
138 126 121 126
3 71 6 56
62 115 62 101
63 87 63 100
63 160 63 148
62 147 62 135
186 57 186 67
185 47 185 57
191 104 191 114
187 76 187 66
180 3 180 12
188 76 188 85
190 95 190 104
191 138 191 147
192 130 192 139
193 131 193 122
190 146 190 155
183 33 184 41
182 25 181 17
189 86 189 94
192 113 192 121
181 8 181 16
189 159 188 166
3 72 2 79
61 116 61 123
8 42 8 49
6 55 7 49
64 86 64 80
64 161 64 167
61 128 61 134
8 118 8 113
3 90 3 85
182 27 183 31
5 99 6 103
189 158 189 154
7 108 7 112
65 167 69 167
9 40 9 43
184 42 184 45
6 107 6 104
5 96 4 94
5 96 4 94
5 96 4 94
2 84 2 82
4 91 4 93
182 18 182 20
184 46 184 48
183 38 183 39
5 97 5 98
188 163 188 162
4 70 4 69
2 75 2 75
7 54 7 54
183 28 183 28
