70 51
64
26 3 44 21
42 36 25 19
6 18 3 33
10 22 18 30
32 27 24 19
24 18 13 20
22 49 14 43
61 20 68 27
57 34 64 41
51 20 60 19
58 22 58 30
59 44 51 44
9 39 15 43
36 47 43 46
59 43 66 42
67 38 67 31
32 48 25 48
25 14 25 7
53 35 46 35
44 22 50 20
50 45 44 46
43 31 43 25
67 27 63 23
6 35 10 39
4 32 6 36
12 20 8 21
9 31 5 32
19 5 15 5
9 17 9 13
59 18 59 22
19 4 23 4
14 31 10 31
14 5 11 7
26 6 25 3
56 34 53 34
23 49 26 49
24 14 24 17
8 20 8 17
57 33 57 30
68 28 68 31
32 47 35 47
43 36 45 36
42 34 42 32
66 41 66 39
10 10 10 12
7 37 8 38
11 8 10 9
17 45 16 44
58 18 57 18
15 30 16 30
52 45 51 45
44 23 44 24
55 19 54 19
57 43 58 43
7 18 7 18
7 18 7 18
14 6 14 6
63 42 63 42
42 35 42 35
53 19 53 19
19 48 19 48
7 18 7 18
17 30 17 30
7 18 7 18
