217 193
153
94 5 160 58
96 48 158 95
160 59 209 98
25 93 49 74
173 106 193 122
55 70 74 55
89 43 89 22
90 23 90 2
11 115 27 125
4 109 18 98
48 140 34 150
213 122 216 138
212 115 209 99
215 140 201 148
28 53 40 43
194 122 205 131
183 159 195 152
41 184 53 191
95 163 84 171
67 182 57 188
49 139 39 133
89 3 80 10
75 177 84 170
31 178 40 183
88 44 80 50
18 62 25 55
74 177 66 182
97 162 105 157
213 137 206 131
32 151 25 156
20 171 27 176
77 12 71 18
42 42 48 36
4 105 5 97
178 162 171 166
125 144 118 148
112 152 119 148
9 69 15 64
18 161 24 157
162 160 168 164
132 139 126 143
152 153 146 149
54 32 59 27
60 27 65 22
12 159 11 166
14 146 14 139
13 154 13 147
15 131 15 138
133 140 138 144
7 81 7 87
28 126 33 129
140 145 145 148
20 59 16 63
6 93 6 88
6 93 6 88
6 93 6 88
16 125 16 130
8 80 8 75
106 156 110 153
19 171 15 168
162 98 166 101
75 54 79 51
196 151 200 149
161 159 157 157
27 54 24 57
68 20 71 17
51 34 48 37
52 72 55 69
212 116 213 120
17 162 14 164
17 162 14 164
156 156 153 154
27 175 30 177
179 161 182 160
12 158 12 155
3 107 3 110
77 13 79 11
7 112 9 114
5 111 7 113
65 23 67 21
19 98 21 96
91 3 93 4
54 190 56 189
9 74 9 72
5 94 5 96
82 9 83 8
138 143 139 144
13 167 14 168
93 165 92 166
202 148 201 149
168 103 167 102
38 132 37 131
36 131 37 132
111 153 110 154
14 64 13 65
95 164 96 163
30 52 31 51
169 103 170 104
35 130 34 129
47 140 46 141
214 137 215 138
53 32 52 33
170 165 169 165
170 165 169 165
23 94 24 94
23 94 24 94
161 97 160 97
161 97 160 97
212 119 212 118
214 124 214 125
211 112 211 113
210 101 210 102
22 95 23 95
22 95 23 95
50 73 51 73
98 162 98 162
98 162 98 162
15 117 15 117
32 178 32 178
23 123 23 123
19 161 19 161
14 102 14 102
42 184 42 184
78 51 78 51
33 151 33 151
141 145 141 145
12 167 12 167
43 143 43 143
216 139 216 139
197 151 197 151
37 45 37 45
37 45 37 45
37 45 37 45
78 174 78 174
10 114 10 114
107 156 107 156
98 8 98 8
98 8 98 8
40 133 40 133
134 140 134 140
134 140 134 140
39 147 39 147
4 106 4 106
214 140 214 140
206 146 206 146
212 141 212 141
18 120 18 120
69 181 69 181
69 181 69 181
167 164 167 164
15 164 15 164
36 149 36 149
34 130 34 130
