227 193
224
93 68 149 25
216 139 179 111
126 84 153 64
151 24 174 5
198 19 219 37
155 63 175 48
22 94 40 79
132 190 150 179
186 46 202 59
50 38 65 50
212 142 198 150
91 81 91 97
223 79 210 88
14 100 2 110
8 80 5 95
189 101 177 110
52 84 64 93
184 159 196 151
186 9 197 18
111 95 122 86
100 103 110 95
63 91 73 99
44 71 44 59
49 139 59 145
181 27 181 38
179 18 179 7
180 17 180 28
64 148 73 154
30 127 39 133
86 162 77 156
151 179 160 173
51 83 42 78
45 61 45 51
91 109 99 103
68 51 76 57
96 168 88 163
182 43 174 48
46 47 48 38
225 78 218 72
146 27 153 21
43 76 43 67
92 71 92 80
22 58 16 64
23 58 29 52
221 51 222 59
212 108 211 100
41 134 48 138
189 102 195 98
175 164 169 168
77 58 83 62
183 159 177 163
117 181 111 177
175 164 169 168
213 119 213 112
215 128 215 135
214 127 214 120
208 64 203 60
105 173 110 177
39 44 34 48
224 71 225 77
224 71 225 77
223 66 222 60
90 104 90 110
9 72 9 78
178 8 178 2
127 187 122 184
68 52 64 48
91 98 90 103
4 101 3 106
213 68 217 71
78 102 82 105
17 119 21 122
17 98 21 95
220 43 220 48
92 69 88 66
181 5 185 8
213 68 217 71
213 68 217 71
203 92 200 95
142 30 145 27
125 84 122 87
155 20 158 17
4 100 5 96
10 69 10 73
10 69 10 73
10 69 10 73
89 109 86 107
44 40 47 38
211 142 214 140
51 84 48 82
14 117 11 116
166 170 163 171
24 124 27 125
14 117 11 116
100 170 97 169
6 112 3 111
177 3 180 4
46 51 46 48
219 39 219 42
182 37 182 40
86 65 84 63
63 148 61 146
134 36 136 34
14 65 12 67
165 12 167 10
154 63 156 61
31 51 33 49
187 46 189 48
49 38 51 40
140 31 138 33
162 14 160 16
118 181 120 183
112 54 110 54
112 54 110 54
180 107 182 107
216 136 216 138
212 109 212 111
42 77 42 75
197 151 196 152
167 169 168 168
23 123 22 122
60 45 61 46
76 100 77 101
197 97 198 96
203 130 202 129
96 66 95 67
187 118 186 117
209 65 210 66
61 90 60 89
61 90 60 89
41 79 40 80
41 79 40 80
4 98 5 99
15 118 16 119
211 66 212 67
198 126 199 127
83 105 82 104
83 105 82 104
73 98 74 99
104 60 103 61
85 107 84 106
3 103 4 104
162 172 161 173
196 18 195 17
199 95 200 94
119 47 118 48
36 83 35 84
197 96 196 97
100 63 99 64
186 104 185 105
54 86 55 87
179 112 178 111
10 115 9 114
126 42 127 41
76 101 75 100
211 136 210 135
183 44 184 45
198 126 199 127
195 124 194 123
28 126 29 127
208 89 209 88
201 21 202 22
191 121 190 120
87 65 86 64
54 42 55 43
61 90 60 89
170 8 171 7
101 171 102 172
204 92 205 91
224 70 224 69
224 70 224 69
15 99 16 99
3 107 3 108
6 94 6 93
223 68 223 67
221 50 221 49
167 53 167 53
153 177 153 177
46 81 46 81
46 81 46 81
151 66 151 66
177 47 177 47
177 47 177 47
46 42 46 42
46 42 46 42
46 42 46 42
52 85 52 85
82 62 82 62
215 140 215 140
215 140 215 140
172 8 172 8
172 8 172 8
188 103 188 103
143 184 143 184
71 53 71 53
108 57 108 57
182 42 182 42
199 150 199 150
199 150 199 150
158 175 158 175
191 155 191 155
188 103 188 103
116 51 116 51
175 4 175 4
182 5 182 5
129 81 129 81
11 102 11 102
5 108 5 108
15 64 15 64
2 108 2 108
89 66 89 66
182 41 182 41
218 83 218 83
46 42 46 42
224 79 224 79
215 34 215 34
209 97 209 97
46 81 46 81
137 75 137 75
26 91 26 91
194 98 194 98
167 53 167 53
186 157 186 157
163 56 163 56
