640 480
37
282 222 357 297
280 221 346 287
291 263 343 315
305 276 343 314
302 275 286 259
252 217 268 233
253 219 268 234
264 210 278 224
263 210 277 224
359 300 349 312
270 243 281 253
279 252 290 262
352 307 345 314
354 295 347 288
254 214 262 209
268 240 274 246
268 241 265 236
257 211 261 209
356 304 359 301
355 296 358 298
256 215 253 215
267 234 266 236
278 222 279 224
253 216 255 216
254 218 253 217
254 218 253 217
348 312 347 313
278 251 277 250
282 254 283 255
254 218 253 217
254 215 255 214
279 222 279 222
356 305 356 305
259 213 259 213
280 223 280 223
269 242 269 242
358 299 358 299
