640 480
90
289 250 278 206
314 257 307 229
322 304 326 319
315 256 317 269
298 282 295 271
324 325 315 325
283 195 291 193
324 293 322 285
298 283 300 291
304 304 302 297
312 318 314 324
301 206 299 200
312 317 310 311
301 207 302 213
308 305 310 310
328 322 323 324
304 216 305 221
326 314 327 319
306 228 306 223
293 265 293 260
322 303 326 300
320 275 320 280
320 326 315 326
279 198 276 201
295 270 294 266
318 269 319 273
298 197 297 193
292 258 291 254
277 202 277 206
292 194 295 192
325 297 325 300
290 251 290 254
321 279 321 282
277 199 279 197
326 313 325 311
323 301 321 302
292 261 292 259
303 216 303 214
301 293 301 295
305 222 305 224
280 196 282 196
319 276 319 274
314 252 314 254
313 248 313 250
291 256 291 258
295 268 294 269
324 295 325 296
276 199 277 198
324 294 325 295
307 306 306 305
315 261 316 260
305 305 306 306
296 272 296 273
294 265 294 264
304 220 304 219
327 324 326 324
303 212 303 213
296 194 296 193
317 264 317 265
327 321 327 320
322 284 322 283
282 198 282 198
297 280 297 280
318 272 318 272
318 272 318 272
318 272 318 272
318 272 318 272
318 272 318 272
318 272 318 272
318 272 318 272
302 296 302 296
300 288 300 288
284 227 284 227
299 199 299 199
300 205 300 205
287 196 287 196
323 287 323 287
301 292 301 292
301 292 301 292
298 198 298 198
279 213 279 213
280 217 280 217
287 195 287 195
312 246 312 246
284 196 284 196
318 272 318 272
326 299 326 299
276 202 276 202
295 194 295 194
321 283 321 283
