640 480
39
342 206 279 269
286 263 343 206
313 266 280 299
281 299 309 271
332 248 317 263
336 243 321 258
253 301 267 287
345 206 358 219
261 312 274 299
252 303 265 290
343 236 333 247
320 259 310 270
277 297 267 308
271 276 282 267
357 217 347 207
359 220 350 230
353 226 344 235
340 240 349 231
280 267 288 259
263 311 270 304
258 310 253 304
279 268 275 274
268 279 274 275
265 284 267 280
266 309 263 312
266 289 266 285
258 309 261 311
255 307 253 305
283 266 285 264
279 299 278 297
357 223 358 222
269 279 268 280
269 279 268 280
256 306 255 305
347 209 346 208
275 272 276 271
344 207 344 206
259 308 259 308
280 298 280 298
