640 480
114
282 300 289 270
311 277 305 299
308 201 303 220
304 219 300 236
290 326 280 321
293 257 297 247
295 254 292 264
292 259 290 269
292 327 296 318
306 298 302 306
311 276 314 268
285 306 282 314
299 240 299 232
298 244 298 236
324 196 317 193
311 193 308 200
307 208 305 215
329 207 331 200
294 321 297 315
295 248 297 242
316 257 318 251
329 208 328 214
301 225 300 231
315 259 315 265
319 244 319 250
320 246 320 240
326 220 324 225
312 271 314 266
283 301 287 303
331 198 327 196
327 219 328 215
314 263 313 267
286 287 285 291
327 215 326 219
300 305 304 305
311 195 313 192
284 307 285 304
288 281 288 278
322 233 322 236
316 193 313 193
316 258 316 261
291 267 291 270
290 271 290 274
321 239 321 242
297 309 297 312
308 207 308 204
302 224 302 221
328 211 329 213
310 199 309 201
329 198 331 199
324 195 326 196
281 317 282 315
299 306 298 308
318 248 318 250
310 282 310 284
295 316 297 316
324 228 324 226
309 286 309 288
287 284 287 282
305 216 305 218
323 229 323 231
286 286 287 285
321 238 321 237
312 276 312 275
290 325 289 325
290 325 289 325
295 250 295 249
297 240 297 241
283 324 282 324
309 202 309 203
317 251 317 252
281 318 281 319
293 326 294 326
295 323 295 322
296 314 296 313
294 252 294 251
317 257 317 256
297 240 297 241
292 266 292 265
297 245 297 246
307 294 307 295
304 300 304 301
289 276 289 275
305 303 305 303
281 323 281 323
281 323 281 323
330 209 330 209
323 232 323 232
283 300 283 300
283 300 283 300
327 214 327 214
314 194 314 194
314 194 314 194
283 309 283 309
284 311 284 311
285 301 285 301
310 198 310 198
294 324 294 324
289 277 289 277
317 194 317 194
287 302 287 302
314 194 314 194
285 325 285 325
330 210 330 210
291 326 291 326
283 300 283 300
310 197 310 197
306 292 306 292
322 196 322 196
330 209 330 209
318 254 318 254
305 296 305 296
309 195 309 195
324 197 324 197
