640 480
72
314 253 292 241
296 268 276 257
356 303 342 295
275 256 263 249
329 287 317 280
261 228 249 222
341 294 330 288
312 278 302 272
244 233 254 239
358 278 367 285
271 229 281 234
248 222 243 232
290 240 282 235
335 265 341 269
321 257 315 254
312 277 317 281
272 230 266 231
272 230 266 231
290 239 295 242
358 279 353 276
262 228 267 231
361 297 357 301
262 249 260 244
342 269 346 272
297 269 301 271
360 299 357 302
353 275 349 274
326 260 329 262
331 263 334 265
365 289 364 292
258 241 255 240
325 259 322 258
366 290 366 287
366 290 366 287
346 271 348 273
366 285 367 287
366 285 367 287
363 281 361 281
361 296 362 297
365 282 366 283
280 234 281 235
363 293 362 294
288 238 287 237
270 229 269 230
259 242 260 243
365 282 366 283
362 295 363 294
245 230 246 229
249 225 248 226
249 223 248 223
244 231 244 232
253 239 253 239
330 262 330 262
252 222 252 222
252 222 252 222
320 257 320 257
367 284 367 284
291 266 291 266
293 267 293 267
285 236 285 236
269 232 269 232
250 221 250 221
281 259 281 259
274 256 274 256
326 286 326 286
247 226 247 226
303 272 303 272
324 285 324 285
272 255 272 255
274 256 274 256
305 273 305 273
301 245 301 245
