640 480
105
279 312 292 259
313 272 326 221
315 195 309 214
298 243 302 224
304 302 309 285
280 324 297 328
305 300 302 313
276 321 278 311
306 214 302 223
308 287 311 279
293 257 296 249
297 240 297 247
316 195 323 195
312 273 310 279
325 205 324 211
301 317 301 311
299 319 299 325
300 321 300 315
324 212 322 217
296 328 298 323
299 233 298 238
304 219 303 224
294 252 296 248
325 204 327 200
295 248 296 244
327 197 323 196
293 262 293 258
320 194 316 194
322 218 325 220
325 198 328 199
280 323 277 323
310 280 309 282
305 296 306 298
278 323 277 321
294 256 294 258
301 225 301 227
303 304 303 306
313 266 313 268
280 303 280 305
279 307 279 309
300 229 300 231
303 304 303 306
290 273 290 271
291 269 291 267
302 309 302 307
292 263 292 265
312 206 311 205
314 196 315 197
308 291 307 290
281 300 281 301
316 255 316 256
313 204 313 203
288 280 288 279
282 324 283 324
282 296 282 297
312 270 312 271
313 198 313 199
314 264 314 263
307 295 307 294
324 208 324 209
306 292 306 293
289 276 289 275
315 260 315 259
287 283 287 284
323 212 323 213
298 327 298 326
312 201 312 202
317 252 317 251
284 288 284 289
287 283 287 284
283 292 283 293
292 326 292 326
292 326 292 326
289 327 289 327
303 218 303 218
303 218 303 218
320 246 320 246
320 246 320 246
320 246 320 246
287 325 287 325
302 310 302 310
309 215 309 215
320 240 320 240
311 274 311 274
295 254 295 254
287 277 287 277
307 289 307 289
283 299 283 299
327 198 327 198
308 214 308 214
285 285 285 285
325 219 325 219
319 250 319 250
307 214 307 214
312 272 312 272
303 225 303 225
314 200 314 200
318 248 318 248
284 324 284 324
318 254 318 254
323 217 323 217
289 327 289 327
311 278 311 278
285 291 285 291
321 242 321 242
