640 480
88
306 314 291 254
307 229 313 254
281 198 286 219
314 252 317 266
321 278 324 291
294 195 284 195
330 322 322 326
323 290 326 298
326 301 329 309
288 245 290 253
311 327 319 327
330 315 332 321
319 273 317 267
284 229 282 223
328 308 330 314
306 227 305 221
327 302 325 297
294 200 296 205
289 196 294 196
320 280 320 275
287 240 288 244
285 234 284 230
297 209 298 213
283 224 282 220
288 194 292 194
320 326 316 326
308 317 308 321
307 313 307 317
293 196 294 199
331 320 331 323
285 196 282 196
285 235 286 237
301 214 302 216
317 265 317 263
309 323 309 325
291 256 291 258
282 198 284 198
296 206 296 208
304 218 304 220
283 219 283 221
313 248 313 250
319 276 319 274
304 218 304 220
284 219 283 220
284 219 283 220
315 261 316 260
303 216 304 217
318 268 318 267
299 214 300 214
280 199 280 200
310 326 311 326
321 325 322 325
293 265 293 264
292 261 292 260
284 232 284 231
306 309 306 310
305 306 305 305
280 199 280 200
286 239 286 238
294 268 294 269
314 257 314 256
318 268 318 267
295 272 295 273
297 280 297 280
297 280 297 280
290 254 290 254
284 209 284 209
306 228 306 228
327 306 327 306
282 207 282 207
312 328 312 328
330 323 330 323
300 215 300 215
282 201 282 201
282 197 282 197
302 294 302 294
309 322 309 322
325 293 325 293
296 276 296 276
281 203 281 203
281 197 281 197
283 228 283 228
322 287 322 287
304 302 304 302
299 288 299 288
297 280 297 280
329 313 329 313
301 290 301 290
