640 480
87
307 249 289 239
308 275 290 265
319 256 333 264
309 276 322 283
276 257 289 264
263 223 275 231
247 223 240 235
241 237 252 243
364 287 354 281
353 296 344 291
269 253 263 249
353 281 347 277
247 222 252 217
347 272 341 269
334 265 340 268
364 289 361 295
329 287 323 284
335 291 330 288
358 299 362 295
253 244 258 246
258 221 254 218
283 235 287 238
313 252 317 255
248 222 250 218
275 256 271 254
354 297 358 298
263 224 260 222
280 234 277 232
347 276 348 273
311 251 308 250
339 291 336 291
254 219 251 219
340 288 342 290
362 292 364 292
340 289 338 289
265 251 267 251
261 248 262 249
261 248 262 249
261 248 262 249
261 248 262 249
347 273 346 272
276 231 275 230
312 252 313 253
281 234 280 233
361 297 360 298
261 248 262 249
364 288 363 287
287 237 288 238
260 248 259 247
339 290 338 290
321 283 321 283
281 259 281 259
259 221 259 221
290 239 290 239
303 273 303 273
270 253 270 253
317 281 317 281
270 227 270 227
307 275 307 275
242 236 242 236
351 279 351 279
365 290 365 290
279 258 279 258
268 227 268 227
268 227 268 227
268 227 268 227
265 225 265 225
265 225 265 225
265 225 265 225
248 225 248 225
248 225 248 225
347 292 347 292
273 229 273 229
247 224 247 224
247 224 247 224
274 255 274 255
243 234 243 234
248 225 248 225
292 240 292 240
241 236 241 236
241 236 241 236
345 291 345 291
291 265 291 265
258 247 258 247
293 266 293 266
268 227 268 227
277 257 277 257
