640 480
89
294 264 307 288
272 227 281 243
315 257 324 273
282 200 290 214
336 293 329 281
296 269 291 259
326 312 321 303
266 217 271 226
287 253 282 244
275 198 268 203
327 314 332 321
343 314 337 319
333 296 336 303
307 243 303 237
292 262 288 256
265 204 262 210
311 250 314 256
311 294 314 300
310 249 307 244
325 275 328 280
287 254 291 258
340 309 342 314
292 218 295 222
281 198 276 198
296 225 299 229
299 230 302 234
263 205 261 209
310 294 309 290
320 303 316 303
333 321 336 319
332 296 335 294
331 321 334 319
339 307 337 305
291 215 292 217
263 211 264 213
267 203 268 202
302 235 303 236
295 223 296 224
337 304 338 305
315 301 315 302
278 197 279 197
265 216 265 215
308 289 308 290
278 197 279 197
318 304 319 304
325 309 325 309
282 201 282 201
273 230 273 230
304 281 304 281
264 207 264 207
294 220 294 220
294 220 294 220
281 199 281 199
314 299 314 299
329 282 329 282
273 201 273 201
324 272 324 272
333 298 333 298
298 273 298 273
305 283 305 283
311 251 311 251
275 199 275 199
266 203 266 203
329 318 329 318
340 310 340 310
322 302 322 302
322 302 322 302
322 302 322 302
323 270 323 270
323 270 323 270
266 218 266 218
325 274 325 274
340 316 340 316
307 287 307 287
271 203 271 203
271 203 271 203
337 320 337 320
340 316 340 316
337 320 337 320
337 320 337 320
327 313 327 313
342 316 342 316
316 304 316 304
297 271 297 271
315 258 315 258
340 310 340 310
315 258 315 258
315 258 315 258
264 214 264 214
