640 480
98
289 282 267 294
257 274 279 262
300 275 318 265
308 245 290 255
320 238 335 229
293 254 278 262
256 275 241 283
347 243 359 236
326 260 337 254
246 296 240 285
348 247 338 253
290 281 298 276
351 225 358 221
356 223 350 227
361 225 365 231
259 299 265 295
247 297 251 303
344 229 350 226
319 264 325 261
258 300 252 303
315 241 309 244
251 302 255 301
339 231 343 230
256 300 260 299
262 298 265 296
267 295 270 293
301 275 298 277
364 231 362 234
360 222 357 223
347 244 347 247
317 240 319 238
317 240 319 238
286 283 287 282
242 285 241 284
339 230 338 229
348 228 349 227
316 240 317 239
286 283 287 282
360 223 361 224
360 225 361 226
360 235 361 235
246 294 246 295
336 229 337 229
296 278 296 278
291 280 291 280
260 273 260 273
247 298 247 298
243 287 243 287
255 275 255 275
346 245 346 245
352 225 352 225
253 276 253 276
307 245 307 245
262 272 262 272
272 265 272 265
331 232 331 232
348 246 348 246
313 267 313 267
331 232 331 232
331 232 331 232
362 229 362 229
261 297 261 297
363 230 363 230
305 273 305 273
245 291 245 291
280 286 280 286
258 274 258 274
272 292 272 292
276 290 276 290
284 258 284 258
303 274 303 274
317 265 317 265
251 301 251 301
358 236 358 236
274 291 274 291
294 278 294 278
324 261 324 261
322 262 322 262
286 257 286 257
340 232 340 232
293 280 293 280
276 263 276 263
340 233 340 233
339 253 339 253
295 253 295 253
284 284 284 284
274 264 274 264
329 259 329 259
299 251 299 251
299 251 299 251
329 259 329 259
305 273 305 273
305 273 305 273
324 235 324 235
329 259 329 259
358 222 358 222
282 285 282 285
288 256 288 256
