640 480
95
338 224 317 259
297 251 311 225
322 206 308 232
305 280 292 304
296 251 284 273
283 309 277 321
268 309 274 298
328 197 339 202
322 208 327 198
282 277 276 285
342 216 337 224
338 202 346 207
346 208 343 215
306 278 310 272
279 280 283 274
272 292 275 298
297 250 300 244
313 266 310 271
317 260 314 265
325 203 328 198
269 318 265 314
291 304 286 302
294 299 291 303
294 256 296 252
286 304 284 308
275 287 278 284
268 316 265 313
272 319 276 320
320 212 318 215
283 273 285 270
273 320 270 318
322 209 320 211
274 299 273 301
290 303 292 303
275 295 276 296
267 310 266 311
274 290 273 291
274 289 273 290
331 199 331 199
305 281 305 281
313 221 313 221
272 303 272 303
266 316 266 316
295 297 295 297
329 238 329 238
286 305 286 305
323 250 323 250
324 205 324 205
271 305 271 305
293 258 293 258
288 264 288 264
266 312 266 312
315 262 315 262
341 203 341 203
333 200 333 200
344 207 344 207
315 262 315 262
341 219 341 219
315 262 315 262
336 226 336 226
312 223 312 223
330 236 330 236
329 240 329 240
340 221 340 221
326 243 326 243
287 266 287 266
319 257 319 257
326 245 326 245
320 255 320 255
315 221 315 221
335 228 335 228
335 228 335 228
270 317 270 317
347 209 347 209
347 209 347 209
302 240 302 240
315 221 315 221
306 279 306 279
302 240 302 240
301 242 301 242
322 252 322 252
322 252 322 252
345 207 345 207
283 275 283 275
283 275 283 275
315 262 315 262
305 238 305 238
306 236 306 236
315 262 315 262
315 262 315 262
323 207 323 207
315 262 315 262
317 217 317 217
297 293 297 293
323 207 323 207
