640 480
83
298 292 285 316
284 273 296 251
299 291 309 273
334 230 324 248
311 270 320 254
269 298 277 284
265 316 279 323
306 235 298 247
287 311 281 323
326 210 332 199
321 217 326 208
310 228 305 235
262 310 266 303
283 274 279 280
338 202 342 208
281 279 277 285
313 223 309 228
339 212 337 217
312 223 315 219
323 249 321 253
333 199 337 201
261 311 263 315
317 217 321 216
335 221 336 217
334 225 335 229
333 226 333 222
341 204 343 207
285 270 283 273
315 218 318 216
296 252 298 249
315 218 318 216
268 299 267 302
281 321 278 322
337 202 334 202
299 247 297 249
321 218 323 219
340 211 341 209
282 275 282 277
334 221 334 223
282 275 282 277
302 242 302 240
333 200 332 201
264 314 263 313
276 287 277 286
300 245 301 244
310 272 310 271
325 245 325 245
334 231 334 231
276 321 276 321
320 255 320 255
326 243 326 243
288 309 288 309
266 304 266 304
319 257 319 257
288 264 288 264
300 288 300 288
311 269 311 269
276 321 276 321
337 215 337 215
271 318 271 318
304 237 304 237
297 295 297 295
328 204 328 204
299 290 299 290
269 297 269 297
269 297 269 297
269 297 269 297
342 207 342 207
342 207 342 207
264 315 264 315
264 315 264 315
293 258 293 258
293 258 293 258
287 266 287 266
278 282 278 282
278 282 278 282
294 256 294 256
269 297 269 297
294 256 294 256
295 299 295 299
336 228 336 228
336 228 336 228
336 228 336 228
