640 480
36
327 299 249 221
267 207 323 263
250 223 303 276
266 207 317 258
318 259 343 284
342 282 324 264
322 293 306 277
346 312 331 297
332 297 346 311
340 288 351 297
355 302 348 311
266 206 257 211
347 294 354 301
323 294 329 299
256 211 253 217
355 304 351 309
260 208 264 205
251 218 252 215
251 218 252 215
250 218 250 221
352 298 354 300
341 287 343 285
347 311 348 310
329 298 330 297
354 302 354 303
342 285 342 284
249 220 249 220
259 211 259 211
343 289 343 289
355 305 355 305
342 288 342 288
253 214 253 214
262 207 262 207
258 211 258 211
256 212 256 212
256 213 256 213
