640 480
107
343 238 319 244
272 280 288 276
336 263 349 260
317 268 328 265
249 263 238 266
293 251 283 255
365 236 370 244
260 260 251 262
238 276 240 285
274 256 266 259
248 287 256 284
335 263 327 266
259 261 267 258
263 283 271 280
275 257 283 254
309 270 301 272
278 255 271 258
237 275 236 268
352 254 358 252
358 238 364 237
351 254 348 259
249 286 244 288
313 246 318 244
294 274 289 275
255 285 259 283
349 241 345 241
241 287 245 287
365 250 369 250
316 268 313 269
369 245 370 248
303 248 306 248
299 250 296 250
299 273 296 273
307 247 310 247
238 270 238 267
303 248 306 248
270 281 273 281
357 239 354 239
368 239 367 237
264 282 262 282
359 252 361 252
275 280 277 280
369 247 369 249
250 263 252 263
352 240 350 240
285 278 283 278
260 283 262 283
261 284 259 284
281 279 279 279
344 239 345 239
311 269 312 269
269 282 268 282
238 278 238 279
363 251 364 251
301 249 300 249
319 267 318 267
237 268 237 267
335 264 334 264
338 239 337 239
333 240 334 240
311 246 312 246
295 251 294 251
361 251 362 251
323 267 324 267
338 263 339 263
338 263 339 263
341 238 342 238
286 253 285 253
255 262 256 262
349 256 349 255
237 276 237 276
241 283 241 283
241 283 241 283
242 285 242 285
242 285 242 285
242 285 242 285
264 260 264 260
320 268 320 268
253 286 253 286
288 254 288 254
345 240 345 240
345 240 345 240
340 240 340 240
280 256 280 256
330 241 330 241
302 249 302 249
346 242 346 242
300 272 300 272
324 244 324 244
282 255 282 255
328 243 328 243
239 275 239 275
248 264 248 264
277 278 277 278
322 243 322 243
288 252 288 252
247 286 247 286
326 266 326 266
285 276 285 276
285 276 285 276
262 259 262 259
241 283 241 283
241 286 241 286
326 242 326 242
290 253 290 253
237 276 237 276
336 241 336 241
