640 480
57
343 236 299 280
342 238 304 276
328 221 302 247
302 246 326 222
278 302 296 284
274 305 291 288
282 265 270 279
295 254 283 264
281 300 269 310
292 287 303 277
330 223 341 214
266 315 276 305
266 281 275 272
341 232 350 224
250 297 258 289
258 291 266 283
272 308 264 315
262 285 255 293
254 307 262 314
344 210 337 217
249 299 253 306
351 223 355 216
281 268 286 262
301 247 296 253
269 280 263 284
275 274 280 269
253 305 258 310
354 216 351 211
279 269 283 265
286 263 290 259
296 252 292 256
254 294 250 298
346 209 350 211
348 225 351 222
271 277 268 280
342 232 345 229
282 299 285 296
342 236 340 233
334 221 332 224
344 211 342 213
264 284 262 286
265 315 267 313
299 250 301 248
341 233 342 235
261 312 263 313
330 222 328 222
330 222 328 222
288 259 289 258
352 215 353 216
354 220 355 219
347 210 346 210
252 302 252 302
250 299 250 299
349 211 349 211
331 224 331 224
350 213 350 213
255 306 255 306
