640 480
84
300 250 278 262
338 253 359 242
261 272 281 261
296 278 279 287
332 231 316 240
367 237 352 245
311 243 297 251
244 287 257 279
293 279 306 272
284 285 272 292
328 259 316 266
258 294 268 289
248 298 243 288
336 254 329 259
308 271 315 266
249 298 257 295
252 283 259 279
357 218 350 220
339 227 333 230
345 223 350 222
260 273 260 278
366 231 366 236
361 223 363 227
344 224 340 226
253 298 249 299
360 222 358 219
364 228 365 231
312 242 315 241
269 290 271 291
249 296 247 295
261 275 261 273
310 269 312 269
349 221 351 221
262 277 261 278
262 277 261 278
245 291 246 292
307 271 308 270
244 289 244 288
367 235 367 236
355 218 354 218
275 289 275 289
276 263 276 263
363 226 363 226
287 282 287 282
287 282 287 282
285 259 285 259
259 278 259 278
317 240 317 240
317 266 317 266
346 224 346 224
248 285 248 285
315 267 315 267
245 289 245 289
305 272 305 272
360 221 360 221
329 258 329 258
259 294 259 294
272 265 272 265
293 253 293 253
295 252 295 252
306 247 306 247
331 231 331 231
348 223 348 223
283 260 283 260
287 258 287 258
283 260 283 260
283 260 283 260
362 224 362 224
362 224 362 224
362 224 362 224
353 220 353 220
353 220 353 220
353 220 353 220
334 256 334 256
304 248 304 248
338 227 338 227
303 273 303 273
289 281 289 281
343 224 343 224
339 253 339 253
310 243 310 243
283 260 283 260
302 249 302 249
301 274 301 274
