640 480
35
238 271 336 271
339 272 243 272
262 249 348 249
239 248 319 248
320 248 346 248
371 266 349 266
365 253 349 253
261 249 247 249
349 267 361 267
348 271 337 271
359 254 367 254
235 256 235 264
370 267 372 262
371 255 366 253
242 272 238 272
348 272 348 268
238 253 238 249
237 249 237 253
236 265 236 269
236 251 236 255
372 259 371 256
371 260 370 257
349 270 349 268
349 270 349 268
370 264 372 264
236 261 236 263
370 262 371 261
237 271 238 270
237 270 237 269
348 252 348 251
350 254 350 254
370 259 370 259
349 251 349 251
237 266 237 266
238 268 238 268
