640 480
85
263 238 330 255
270 262 238 254
296 269 271 263
236 252 239 240
357 282 345 279
367 283 370 273
316 275 326 277
361 268 369 272
303 271 311 274
340 258 347 260
242 233 239 239
358 281 364 283
302 271 296 270
257 236 263 237
339 281 345 281
310 273 315 275
349 266 349 261
247 233 243 232
354 266 350 265
338 280 334 280
334 279 330 279
238 253 238 249
358 267 361 269
366 284 367 281
249 234 252 234
338 257 335 257
334 256 331 256
244 233 242 234
291 269 293 269
330 278 328 278
254 235 256 235
283 267 285 267
287 268 289 268
267 238 265 238
281 242 282 242
281 242 282 242
281 242 282 242
281 242 282 242
281 242 282 242
322 277 323 277
322 277 323 277
346 278 346 277
237 252 237 253
258 260 259 260
354 280 355 280
356 267 357 267
278 241 277 241
314 274 315 274
271 239 270 239
303 272 304 272
350 279 351 279
327 278 326 278
254 259 255 259
273 240 274 240
253 235 253 235
285 243 285 243
240 238 240 238
238 246 238 246
319 253 319 253
348 280 348 280
281 266 281 266
339 258 339 258
239 243 239 243
362 269 362 269
293 245 293 245
293 245 293 245
240 240 240 240
240 240 240 240
295 270 295 270
269 239 269 239
318 276 318 276
343 283 343 283
343 282 343 282
348 261 348 261
323 254 323 254
297 246 297 246
350 263 350 263
315 252 315 252
356 282 356 282
368 270 368 270
319 275 319 275
251 258 251 258
308 272 308 272
347 278 347 278
311 251 311 251
