640 480
101
306 271 274 279
346 261 316 268
268 259 290 253
258 279 242 284
325 243 339 240
263 281 274 281
347 261 357 257
240 282 238 272
365 233 369 241
353 236 361 233
291 252 299 250
371 246 371 254
307 247 314 246
250 267 257 267
250 267 257 267
364 232 358 235
344 237 350 236
259 266 253 266
337 239 343 239
347 238 341 238
354 235 349 237
282 278 287 277
285 253 290 252
240 270 245 269
270 280 275 280
258 262 262 259
370 243 370 248
318 244 323 244
358 258 362 256
361 256 357 258
276 280 280 279
244 284 241 282
303 248 306 248
239 274 239 271
310 270 307 270
367 254 370 254
263 280 261 278
257 265 259 263
248 269 250 268
266 283 264 282
362 234 364 233
258 265 260 264
315 245 317 245
370 253 372 253
333 240 335 240
281 254 283 254
268 282 270 282
350 259 348 259
356 259 354 259
337 262 339 262
314 269 312 269
322 243 324 243
364 255 366 255
275 256 273 256
343 261 341 261
263 259 265 259
253 268 251 268
248 268 249 269
277 255 278 255
250 282 251 282
267 258 266 258
301 249 300 249
270 257 271 257
323 266 322 266
237 273 237 274
247 283 248 283
246 282 245 282
327 265 326 265
246 268 247 268
323 266 322 266
369 242 369 243
333 263 334 263
352 258 352 258
352 258 352 258
263 279 263 279
367 234 367 234
315 268 315 268
311 269 311 269
259 279 259 279
259 279 259 279
262 277 262 277
352 235 352 235
352 235 352 235
279 255 279 255
330 241 330 241
367 238 367 238
367 238 367 238
319 267 319 267
238 271 238 271
238 277 238 277
302 249 302 249
352 260 352 260
240 276 240 276
368 240 368 240
269 259 269 259
249 281 249 281
273 258 273 258
253 281 253 281
241 279 241 279
259 265 259 265
281 279 281 279
