640 480
77
290 257 303 281
318 307 307 287
280 241 289 257
311 250 320 266
278 202 286 216
319 308 327 322
342 316 328 323
309 247 302 234
340 300 347 312
332 287 339 298
296 225 301 233
274 222 269 214
278 238 274 230
332 286 328 279
273 230 275 223
270 202 266 206
302 278 304 283
322 270 325 274
269 213 266 209
293 220 296 224
343 317 345 313
293 219 289 217
273 200 277 201
306 287 305 283
269 202 266 204
267 209 265 206
290 258 291 261
274 202 271 201
327 277 325 275
327 277 325 275
289 218 287 217
272 228 273 226
277 200 275 199
266 205 268 205
266 205 268 205
288 218 287 219
327 278 326 277
279 239 279 240
329 322 328 322
329 322 328 322
310 248 310 249
346 313 346 314
321 267 321 268
286 215 286 215
292 217 292 217
293 264 293 264
295 268 295 268
322 269 322 269
294 220 294 220
301 276 301 276
280 242 280 242
301 232 301 232
311 251 311 251
310 294 310 294
308 290 308 290
341 303 341 303
275 225 275 225
321 313 321 313
334 322 334 322
339 299 339 299
300 274 300 274
270 204 270 204
317 304 317 304
299 272 299 272
299 272 299 272
299 272 299 272
299 272 299 272
276 225 276 225
320 311 320 311
278 237 278 237
340 301 340 301
336 321 336 321
318 306 318 306
299 272 299 272
341 318 341 318
334 289 334 289
334 289 334 289
