640 480
85
281 266 341 281
305 249 342 258
282 265 259 259
346 260 364 264
281 242 294 246
243 237 253 239
296 246 304 249
270 239 277 242
238 244 241 237
341 282 348 283
238 245 241 251
247 252 241 250
372 268 370 274
276 241 282 243
362 265 368 265
363 287 358 286
254 253 249 253
263 242 265 238
259 256 255 254
259 241 255 240
366 266 370 266
263 240 260 241
368 282 369 279
370 275 369 278
269 239 266 238
295 246 297 247
258 256 259 258
248 252 250 252
367 285 367 287
354 285 356 285
351 284 353 284
366 287 364 287
371 269 371 267
350 284 349 283
350 284 349 283
367 284 368 283
242 239 241 240
308 249 307 249
308 249 307 249
284 244 285 244
304 248 303 248
325 278 326 278
292 268 293 268
292 268 293 268
311 250 312 250
285 266 284 266
292 245 293 245
238 248 238 249
288 267 289 267
343 259 344 259
333 280 334 280
330 279 329 279
337 281 338 281
308 249 307 249
296 269 297 269
315 251 315 251
327 254 327 254
304 271 304 271
240 245 240 245
242 237 242 237
308 272 308 272
351 262 351 262
369 281 369 281
355 263 355 263
310 274 310 274
239 250 239 250
239 250 239 250
239 250 239 250
359 264 359 264
345 259 345 259
288 245 288 245
370 278 370 278
370 278 370 278
241 242 241 242
349 260 349 260
353 261 353 261
357 286 357 286
357 262 357 262
345 282 345 282
368 285 368 285
371 273 371 273
318 276 318 276
323 253 323 253
351 262 351 262
351 262 351 262
