134 216
217
83 165 83 215
90 67 90 109
133 41 117 72
84 131 84 164
113 151 125 125
103 172 113 152
63 67 42 67
133 56 133 77
132 99 132 78
85 13 105 13
43 84 62 84
95 111 104 95
67 23 85 23
103 173 96 189
108 58 108 75
86 1 103 1
89 52 72 52
18 81 18 98
3 162 3 146
63 123 47 123
5 195 5 179
85 215 91 201
4 163 4 178
109 86 116 73
131 111 125 124
109 44 97 50
95 26 108 26
116 7 125 16
21 114 32 120
17 68 17 80
19 111 19 99
89 74 79 80
76 54 84 62
72 8 64 16
88 24 98 29
109 46 109 57
71 38 81 38
131 110 131 100
112 4 103 2
124 36 123 45
38 52 30 56
90 36 98 32
90 120 94 112
89 121 85 129
24 79 18 73
64 17 70 23
51 32 57 26
56 34 64 36
8 121 16 122
37 209 45 210
125 21 124 29
61 213 69 214
2 145 2 137
99 30 105 35
32 63 39 66
100 84 93 87
73 7 79 3
9 110 14 105
4 116 9 111
68 128 61 128
36 124 29 124
53 127 60 127
69 129 76 129
69 83 62 83
45 126 52 126
36 83 43 83
21 123 28 123
37 125 44 125
108 87 105 93
46 46 52 49
118 56 123 52
76 215 70 214
39 51 45 50
119 23 113 24
72 121 66 122
60 50 66 50
59 49 53 49
53 212 59 212
65 37 71 37
34 208 28 208
115 6 112 11
31 63 28 58
93 195 96 190
18 74 22 78
85 62 89 66
85 62 89 66
85 62 89 66
71 64 76 62
43 41 45 36
106 81 108 76
11 205 16 206
83 12 78 11
6 204 6 199
124 30 124 35
123 46 123 51
49 33 46 37
47 46 44 42
108 38 104 35
22 207 27 207
52 211 47 211
55 68 50 68
121 21 125 18
77 10 75 6
78 59 75 62
26 59 23 62
71 65 67 66
29 80 25 79
111 58 115 57
85 37 89 36
32 82 36 82
105 12 109 12
42 122 38 122
17 206 21 206
81 2 85 2
62 24 59 26
62 24 59 26
81 118 84 116
109 43 106 45
56 33 54 30
20 65 23 63
87 113 84 115
74 81 77 80
10 205 7 204
124 18 123 15
49 49 46 50
93 51 96 50
78 119 75 120
79 79 82 79
78 57 78 60
1 120 4 120
81 37 84 37
77 130 80 130
20 122 17 122
63 24 66 24
14 104 16 102
14 104 16 102
2 119 4 117
57 27 59 25
67 21 65 19
20 112 22 114
75 54 77 56
123 21 121 22
88 112 89 110
108 39 109 41
36 121 34 120
67 51 69 51
124 14 122 14
18 69 18 67
5 121 7 121
88 51 90 51
71 82 73 82
6 196 6 198
108 25 110 25
66 66 64 66
113 25 111 25
117 56 116 57
117 56 116 57
65 14 66 13
65 14 66 13
65 14 66 13
65 14 66 13
87 63 88 64
85 77 84 78
104 82 105 81
45 45 44 44
65 14 66 13
78 80 77 81
114 6 113 5
112 10 111 11
74 53 73 53
41 66 40 66
103 83 102 83
65 16 65 17
43 42 43 43
120 22 119 22
84 12 85 12
86 24 87 24
93 196 93 197
70 22 71 22
89 67 89 68
109 11 110 11
89 73 89 72
35 209 36 209
70 52 71 52
121 13 121 13
121 13 121 13
121 13 121 13
121 13 121 13
75 9 75 9
75 9 75 9
86 64 86 64
96 34 96 34
96 34 96 34
97 27 97 27
97 27 97 27
98 27 98 27
30 57 30 57
58 34 58 34
77 61 77 61
44 123 44 123
27 59 27 59
26 80 26 80
76 4 76 4
50 32 50 32
109 42 109 42
97 27 97 27
98 49 98 49
73 64 73 64
125 17 125 17
29 57 29 57
46 36 46 36
92 51 92 51
108 2 108 2
121 13 121 13
107 36 107 36
78 10 78 10
78 4 78 4
