146 180
127
48 74 8 105
105 63 105 91
104 39 104 67
44 164 22 152
74 125 54 140
103 20 103 43
20 127 4 139
127 119 141 129
106 104 106 87
132 139 118 147
68 59 68 43
88 14 100 4
69 29 69 44
88 166 100 158
107 105 119 113
114 150 102 157
56 171 45 165
78 172 68 178
33 153 43 147
57 172 67 177
31 136 31 147
32 124 32 135
140 134 131 139
96 111 88 116
109 9 102 3
4 131 2 140
136 58 137 67
7 107 6 116
102 10 103 19
139 82 139 91
140 92 140 101
142 120 142 111
105 105 98 110
123 20 129 26
117 15 123 21
111 10 117 16
86 167 79 171
86 167 79 171
134 39 135 47
138 73 138 81
141 110 141 102
4 141 10 145
54 139 48 143
17 149 11 145
5 118 5 125
33 123 33 117
44 146 49 143
81 19 77 23
81 19 77 23
82 121 86 117
76 23 72 27
73 127 77 123
54 70 58 66
80 121 76 125
102 4 102 9
21 126 25 123
143 132 139 134
129 25 132 28
4 128 3 132
133 33 133 29
137 72 137 68
143 125 143 121
102 19 102 15
134 34 134 38
120 114 123 116
33 154 36 152
64 62 67 60
29 120 32 118
31 155 30 152
136 57 136 54
136 57 136 54
30 148 30 151
4 124 4 127
85 119 87 117
79 123 81 121
58 67 60 65
18 149 20 151
87 14 85 16
51 72 53 70
126 118 124 117
61 64 63 63
142 130 144 131
135 50 135 48
61 134 63 134
93 162 95 162
135 53 135 51
122 116 121 115
67 131 66 132
118 113 117 112
45 145 46 144
114 149 113 150
114 149 113 150
114 149 113 150
128 119 129 120
111 11 110 10
71 27 70 28
71 27 70 28
88 117 89 116
83 119 82 120
140 129 139 128
15 100 14 101
70 129 71 128
82 19 83 18
11 103 10 104
27 122 28 121
49 73 50 73
115 149 116 149
6 110 6 111
90 164 90 164
132 122 132 122
136 126 136 126
87 166 87 166
33 159 33 159
51 142 51 142
40 148 40 148
111 108 111 108
119 147 119 147
111 151 111 151
37 161 37 161
84 17 84 17
98 160 98 160
23 94 23 94
3 138 3 138
7 106 7 106
114 110 114 110
103 157 103 157
129 140 129 140
