163 141
43
95 37 3 37
149 109 59 109
110 3 33 3
158 75 110 75
14 139 59 139
155 41 116 41
59 110 59 138
32 3 7 3
112 47 112 28
111 48 111 65
113 37 96 37
3 47 3 31
111 27 111 12
4 42 4 56
161 76 159 88
5 52 5 64
12 118 12 130
11 109 11 120
6 73 6 62
10 110 10 100
7 82 7 72
8 82 8 91
4 32 4 23
9 91 9 100
5 15 5 24
157 51 158 59
110 66 110 74
110 11 110 4
6 9 6 16
156 48 155 42
13 132 13 126
13 132 13 126
156 104 154 109
8 3 6 8
157 97 158 92
157 98 156 103
160 71 160 66
155 109 150 109
13 133 14 137
161 72 161 75
159 62 159 65
158 89 158 91
159 89 159 90
