241 206
341
69 147 34 130
84 44 84 72
107 164 83 153
134 176 156 186
1 63 6 86
33 130 14 121
17 45 3 59
39 45 57 45
109 73 127 73
110 26 126 26
202 55 216 62
107 106 93 100
188 140 174 134
50 82 36 76
17 68 31 74
151 42 141 32
24 38 36 44
51 82 63 88
133 71 145 65
231 111 224 122
86 97 74 92
200 104 187 104
207 148 195 143
136 118 148 123
168 58 158 66
235 124 233 136
120 170 131 175
120 170 131 175
119 111 108 106
196 53 184 53
54 29 42 29
83 59 83 47
140 47 131 54
57 28 67 23
93 34 103 29
72 148 82 153
137 32 127 27
85 31 85 42
179 102 169 98
76 9 83 17
89 90 97 97
224 91 227 81
134 99 143 94
190 86 180 84
83 28 83 18
201 86 191 86
84 20 84 30
154 83 154 93
21 36 17 27
21 14 17 23
221 127 216 135
91 65 99 70
222 94 214 99
214 138 209 146
157 68 155 77
199 196 198 205
196 132 187 132
152 45 152 54
68 22 72 14
31 24 27 16
174 58 182 54
203 85 211 81
205 129 213 125
71 9 65 3
78 35 82 28
7 95 6 87
227 90 220 94
206 156 205 164
85 44 89 37
152 66 151 74
47 74 55 74
152 65 152 57
95 37 95 45
152 65 152 57
153 108 153 100
33 5 28 11
168 71 171 78
180 197 187 200
9 65 16 68
26 65 32 69
168 97 162 93
149 59 153 53
199 203 203 197
223 164 219 170
215 66 211 60
217 174 213 180
11 113 12 120
96 47 101 52
77 66 82 61
120 111 126 114
173 80 179 83
226 159 229 153
223 68 226 74
216 73 213 79
85 56 88 62
219 119 222 113
150 59 146 64
144 93 148 88
156 81 158 87
151 81 149 87
165 130 159 128
152 125 158 127
103 53 109 55
141 40 139 34
21 53 22 59
85 80 86 86
85 73 85 79
128 101 122 101
121 57 115 57
18 38 18 32
168 70 168 64
115 102 121 102
189 140 194 143
168 191 173 194
78 34 74 38
100 31 96 35
173 56 178 54
173 56 178 54
191 202 196 204
109 27 104 29
167 191 162 189
3 62 8 64
68 41 73 39
154 94 153 99
231 144 232 139
216 67 216 72
200 194 200 189
187 103 182 103
151 80 151 75
70 5 74 8
109 72 104 72
108 101 113 101
72 69 76 66
208 189 205 193
203 177 203 172
121 56 126 56
235 104 238 100
109 72 104 72
47 1 42 1
200 103 205 103
22 13 26 10
232 109 235 105
25 64 23 60
157 117 155 113
112 166 108 164
217 63 220 66
35 4 32 7
161 64 158 67
219 64 222 67
166 131 170 132
224 100 223 104
179 196 175 195
207 150 207 154
45 73 41 73
10 107 10 111
10 107 10 111
127 72 131 72
238 110 238 114
10 107 10 111
236 123 236 119
55 1 59 1
19 44 19 40
155 82 155 78
32 74 35 76
62 2 65 4
166 125 169 127
223 163 225 160
92 100 89 98
161 92 159 89
39 2 36 4
225 74 227 77
32 25 35 26
230 91 233 92
222 126 223 123
226 77 227 80
8 100 9 103
67 89 70 90
20 48 19 45
130 116 133 117
100 98 103 99
169 64 170 61
158 187 161 188
70 70 67 71
211 184 212 181
8 99 7 96
230 91 233 92
33 70 36 71
113 167 116 168
212 100 209 101
141 41 141 44
141 41 141 44
141 41 141 44
153 49 153 52
223 105 223 108
61 43 64 43
38 28 41 28
206 102 209 102
20 49 20 52
222 111 222 108
195 87 192 87
225 93 225 96
141 41 141 44
57 73 60 73
182 131 179 131
119 74 116 74
200 54 197 54
161 122 159 120
30 7 28 9
214 124 216 122
101 71 99 69
145 35 147 37
162 122 164 124
171 60 173 58
81 13 79 11
157 86 158 88
157 86 158 88
157 86 158 88
190 201 188 200
87 87 88 89
71 91 73 92
140 45 139 47
203 130 201 131
132 99 130 100
150 42 151 44
173 134 171 133
149 123 151 124
117 169 119 170
90 36 92 35
139 35 138 33
238 94 236 93
97 35 96 37
149 41 149 39
36 27 38 27
17 26 17 24
63 72 65 72
72 11 72 13
165 61 163 61
127 55 129 55
239 108 239 106
9 104 9 106
201 186 201 188
27 15 27 13
202 178 202 180
237 116 237 118
201 183 201 185
72 11 72 13
42 2 40 2
154 111 154 109
111 56 113 56
36 27 38 27
240 98 240 96
204 168 204 170
230 150 230 148
203 196 204 195
218 172 217 173
31 23 32 24
31 23 32 24
31 23 32 24
31 23 32 24
159 119 158 118
74 7 75 8
90 64 89 63
87 97 88 98
209 187 208 188
127 114 128 115
209 59 210 60
204 167 205 166
98 50 97 49
210 185 209 186
31 23 32 24
23 37 22 36
97 47 96 46
67 4 68 5
71 10 71 11
227 85 227 84
227 85 227 84
231 146 231 145
231 146 231 145
232 137 232 138
171 56 171 57
154 101 154 102
39 44 38 44
17 30 17 31
218 120 218 121
172 128 171 128
183 54 184 54
229 151 229 152
199 131 198 131
115 56 114 56
235 93 234 93
229 91 228 91
61 44 60 44
103 71 104 71
231 146 231 145
61 2 60 2
224 97 224 98
184 132 185 132
106 100 105 100
39 72 40 72
222 92 222 92
222 92 222 92
222 92 222 92
141 33 141 33
141 33 141 33
213 100 213 100
238 99 238 99
238 99 238 99
238 99 238 99
25 38 25 38
98 97 98 97
98 97 98 97
213 78 213 78
135 52 135 52
155 72 155 72
77 36 77 36
82 30 82 30
206 150 206 150
92 65 92 65
232 110 232 110
22 14 22 14
175 129 175 129
170 99 170 99
86 40 86 40
224 99 224 99
202 85 202 85
151 55 151 55
28 21 28 21
212 80 212 80
217 98 217 98
110 56 110 56
173 59 173 59
82 60 82 60
173 129 173 129
239 109 239 109
198 200 198 200
102 30 102 30
67 42 67 42
130 54 130 54
225 90 225 90
181 102 181 102
223 69 223 69
