237 168
266
203 14 181 14
128 36 107 36
200 1 179 1
128 21 107 21
85 22 85 42
76 68 76 48
108 7 128 7
86 43 86 62
150 61 150 42
157 34 157 53
183 28 165 24
20 18 7 31
75 47 75 29
29 44 47 44
126 72 109 72
221 44 221 28
183 64 199 64
137 34 151 27
158 19 158 33
186 29 200 29
61 41 73 35
23 79 12 73
104 35 92 32
32 29 44 29
151 41 151 29
211 27 221 22
95 13 105 8
140 13 130 8
160 56 170 61
53 14 63 19
9 51 9 62
222 27 222 16
48 13 37 13
233 97 233 108
234 85 234 96
8 39 8 50
231 132 231 121
235 73 235 84
232 120 232 109
4 95 4 85
220 45 220 55
236 60 229 53
236 60 229 53
120 154 129 153
192 67 183 67
212 65 203 65
232 63 223 63
97 158 88 158
222 64 213 64
7 116 7 125
5 96 5 105
3 75 3 84
173 68 182 68
6 106 6 115
193 66 202 66
168 148 159 148
142 68 149 63
164 9 158 15
222 140 230 138
210 27 202 28
2 69 1 61
108 156 100 157
120 75 128 74
21 86 13 87
16 41 9 37
103 77 111 76
151 72 143 72
51 83 43 83
45 43 53 43
44 80 52 80
68 80 76 80
160 71 152 71
142 73 134 73
94 68 88 64
135 70 128 71
2 58 3 65
12 27 7 32
214 141 221 140
11 142 12 149
23 43 30 43
35 84 42 84
60 81 67 81
29 80 36 80
44 28 51 28
135 35 128 35
190 144 197 144
10 63 10 70
236 65 236 72
59 163 52 163
8 126 8 133
59 82 52 82
77 79 84 79
62 23 56 26
158 16 161 22
173 11 179 13
29 28 23 27
8 32 7 38
31 166 37 166
198 143 204 143
37 81 43 81
51 164 45 164
152 149 158 149
44 165 38 165
74 160 80 160
138 152 132 152
67 161 73 161
205 142 211 142
66 162 60 162
175 147 169 147
189 145 183 145
182 146 176 146
67 161 73 161
30 167 24 167
81 159 87 159
74 27 69 24
142 14 146 18
22 17 18 21
22 17 18 21
146 19 150 23
172 10 168 6
63 77 68 75
16 162 17 167
14 156 13 151
23 42 18 42
86 27 89 31
189 28 184 28
85 24 88 20
146 150 151 150
71 73 75 70
137 17 141 14
117 155 112 155
169 6 173 3
141 68 137 70
141 68 137 70
222 47 225 50
159 15 162 12
172 11 169 8
92 15 89 18
210 61 214 60
210 61 214 60
210 61 214 60
9 85 8 81
28 15 32 14
205 3 209 4
23 26 19 25
93 78 97 78
30 85 34 85
2 70 2 74
108 71 104 71
161 70 165 70
207 13 203 13
177 63 181 63
1 56 1 60
89 78 85 78
102 77 98 77
200 2 204 2
133 74 129 74
161 70 165 70
230 137 230 133
205 63 201 63
212 10 212 6
140 151 144 151
176 62 172 62
164 23 161 21
100 19 97 17
100 18 103 20
134 19 137 18
57 42 60 41
18 41 15 40
89 30 92 31
36 14 33 14
116 75 119 75
25 86 22 86
178 2 175 2
49 14 52 14
200 28 197 28
26 85 29 85
9 137 9 134
15 161 15 158
209 62 206 62
115 76 112 76
51 27 54 27
53 42 56 42
168 69 171 69
233 62 236 62
129 20 132 20
165 9 167 7
228 53 226 51
61 23 63 21
148 20 150 22
217 58 219 56
208 12 210 11
208 12 210 11
97 69 95 68
11 70 12 72
6 75 6 73
63 22 63 20
74 32 74 34
106 20 104 20
7 35 7 33
27 79 25 79
221 23 221 21
194 15 192 15
24 16 26 16
108 8 106 8
59 78 61 78
7 78 7 76
57 79 55 79
109 156 111 156
5 70 5 72
10 140 10 138
150 24 150 26
73 34 72 35
73 34 72 35
73 34 72 35
148 28 149 27
159 55 158 54
8 80 7 79
9 36 10 37
139 16 138 17
86 28 87 29
97 16 98 17
70 74 69 75
181 13 180 13
99 157 98 157
213 141 212 141
213 141 212 141
210 5 211 5
18 23 18 22
102 70 101 70
119 154 118 154
4 68 4 67
107 35 106 35
213 141 212 141
130 153 131 153
211 10 211 11
151 25 151 26
99 157 98 157
129 8 128 8
220 15 221 15
58 15 58 15
26 27 26 27
221 16 221 16
93 15 93 15
170 6 170 6
170 26 170 26
138 33 138 33
13 73 13 73
87 63 87 63
135 9 135 9
215 26 215 26
100 35 100 35
223 19 223 19
159 16 159 16
60 16 60 16
171 61 171 61
74 28 74 28
74 28 74 28
100 9 100 9
23 17 23 17
86 21 86 21
215 59 215 59
147 65 147 65
164 11 164 11
217 25 217 25
4 66 4 66
