153 177
153
73 71 37 47
76 76 76 112
17 129 38 147
86 30 104 42
27 41 11 29
98 59 84 69
100 130 114 140
74 145 87 156
98 96 111 85
136 102 148 111
42 135 42 150
124 94 136 103
41 135 41 120
145 146 134 155
10 107 10 93
11 103 11 117
9 83 9 97
64 17 76 24
6 68 6 55
7 64 7 77
5 58 5 45
113 54 113 67
8 74 8 87
112 66 112 79
4 35 4 48
118 170 127 161
23 12 12 18
113 49 103 56
76 74 66 67
150 113 148 125
43 4 53 10
103 168 112 175
114 149 114 160
137 123 145 116
55 131 63 137
113 169 113 159
12 112 12 122
28 41 36 47
91 123 99 129
126 163 133 156
3 29 3 38
3 23 11 19
53 141 47 147
127 132 133 126
40 2 33 6
41 121 48 125
9 28 2 24
97 96 91 101
80 27 86 31
64 138 70 142
111 46 105 42
147 129 147 136
118 139 115 145
62 16 57 12
114 55 114 49
115 146 115 152
146 136 146 142
111 78 111 84
24 11 29 8
78 73 83 70
88 156 92 160
113 174 117 170
53 142 57 138
69 142 73 145
12 31 8 28
112 174 112 169
115 88 119 91
54 130 50 127
124 95 120 92
98 164 102 167
81 116 78 113
86 119 89 122
82 107 79 110
82 116 85 119
86 104 83 107
134 156 137 153
45 148 41 149
13 122 13 126
13 122 13 126
58 138 61 136
58 138 61 136
58 138 61 136
58 138 61 136
102 56 99 58
2 25 2 28
148 129 148 126
145 142 145 145
46 147 48 145
46 147 48 145
46 147 48 145
46 147 48 145
150 112 148 110
115 89 113 87
123 135 121 137
134 126 136 124
92 159 94 161
126 132 124 134
87 104 89 102
30 8 32 7
14 32 15 33
63 65 64 66
102 40 101 39
148 114 147 115
55 60 54 59
96 163 95 162
88 32 89 33
56 12 57 13
16 129 15 128
52 58 51 57
14 32 15 33
113 47 114 48
41 3 42 3
149 123 149 122
39 148 40 148
54 11 55 11
102 92 102 92
104 41 104 41
49 126 49 126
96 36 96 36
83 153 83 153
14 127 14 127
78 110 78 110
39 49 39 49
42 51 42 51
90 101 90 101
121 92 121 92
149 113 149 113
65 17 65 17
65 17 65 17
65 17 65 17
65 17 65 17
81 27 81 27
81 27 81 27
90 122 90 122
90 122 90 122
146 115 146 115
65 138 65 138
94 98 94 98
127 97 127 97
45 53 45 53
99 38 99 38
91 34 91 34
110 46 110 46
44 4 44 4
6 27 6 27
24 38 24 38
75 24 75 24
73 23 73 23
145 108 145 108
65 17 65 17
47 125 47 125
77 111 77 111
94 36 94 36
