166 144
51
77 68 164 68
59 68 59 142
14 2 84 2
157 102 98 102
57 108 3 108
7 142 57 142
108 33 157 33
97 102 60 102
58 89 58 124
105 2 85 2
161 54 164 70
3 98 3 114
60 68 76 68
157 34 160 47
107 12 107 25
4 102 4 89
157 101 160 89
5 80 5 92
6 82 6 71
12 24 12 13
11 23 11 33
7 72 7 62
8 62 8 52
5 121 5 130
6 129 6 138
9 43 9 52
106 2 106 11
4 122 4 113
10 42 10 33
13 7 13 15
160 85 162 79
162 76 163 70
108 26 108 32
161 80 163 75
159 89 161 85
7 137 7 141
160 49 160 52
14 6 14 3
160 48 161 50
158 96 158 94
162 57 162 55
161 53 161 51
159 44 159 46
159 90 159 92
163 74 163 73
163 61 163 60
158 40 158 41
158 40 158 41
161 78 161 78
159 98 159 98
162 63 162 63
