153 177
153
104 122 150 152
58 15 86 37
75 67 47 88
77 69 77 103
80 105 103 121
87 38 104 51
57 50 71 61
4 66 18 75
127 167 113 175
111 27 111 43
27 14 16 25
99 166 111 174
144 80 144 94
143 70 143 84
147 109 147 123
56 140 68 147
148 132 148 119
112 42 112 55
40 122 40 109
41 110 41 97
149 142 149 129
146 100 146 113
145 90 145 103
100 36 110 28
10 30 19 21
26 16 35 7
143 158 132 164
66 110 56 117
28 82 38 89
140 52 142 64
28 44 37 36
39 16 39 28
127 40 135 47
142 65 142 75
38 34 38 24
19 76 27 81
150 148 150 139
78 153 85 158
20 51 26 45
144 157 151 153
5 55 5 47
39 129 39 121
41 128 47 123
69 108 75 104
76 152 70 148
92 162 98 166
49 135 55 139
46 134 40 130
7 62 12 57
119 34 114 29
41 2 36 7
42 91 42 98
4 61 4 54
4 61 4 54
40 17 40 11
50 121 55 118
56 14 52 10
124 38 120 34
41 5 40 10
7 38 8 33
55 49 51 46
108 54 112 57
86 158 90 161
16 54 19 51
49 8 52 11
72 61 75 64
48 44 45 41
140 51 137 48
11 28 8 31
44 4 47 7
49 136 46 133
41 38 44 41
6 43 7 39
40 90 44 90
6 44 6 48
96 39 93 41
3 61 4 64
131 165 128 166
151 149 151 152
151 149 151 152
151 149 151 152
37 35 37 32
37 35 37 32
99 36 97 38
47 87 45 89
13 57 15 55
76 66 77 68
141 63 141 61
67 110 68 109
67 110 68 109
67 110 68 109
67 110 68 109
142 148 141 147
92 114 93 115
102 121 101 120
125 38 126 39
49 44 50 45
144 149 145 150
99 119 98 118
84 109 85 108
84 109 85 108
76 64 77 65
52 138 51 137
139 146 138 145
39 37 40 38
105 52 106 53
90 113 89 112
43 4 42 3
81 107 80 106
67 110 68 109
95 116 96 117
69 148 70 149
84 36 83 35
87 111 86 110
49 122 48 123
41 4 41 3
141 65 141 64
78 104 79 104
3 64 3 65
11 71 11 71
112 28 112 28
67 147 67 147
77 66 77 66
141 55 141 55
109 172 109 172
14 73 14 73
147 151 147 151
20 76 20 76
83 108 83 108
57 14 57 14
93 43 93 43
57 140 57 140
43 131 43 131
35 86 35 86
51 84 51 84
111 127 111 127
26 81 26 81
105 123 105 123
75 152 75 152
75 152 75 152
75 152 75 152
75 152 75 152
126 137 126 137
83 157 83 157
93 162 93 162
108 125 108 125
8 32 8 32
5 67 5 67
54 139 54 139
132 141 132 141
82 106 82 106
123 135 123 135
135 143 135 143
