162 140
49
3 105 100 105
155 32 99 32
7 138 58 138
159 66 109 66
109 138 59 138
14 2 59 2
60 32 98 32
116 100 152 100
59 32 59 3
110 73 110 86
112 105 101 105
111 95 111 85
112 106 111 115
10 36 10 45
6 75 6 84
8 56 8 65
12 26 12 17
9 46 9 55
156 94 157 86
6 126 6 134
157 50 157 42
11 27 11 35
5 126 5 118
7 66 7 74
160 61 160 69
3 106 4 113
13 10 14 3
156 36 156 43
109 74 109 67
159 62 159 55
158 56 158 49
110 131 110 124
5 85 5 91
158 76 158 82
13 11 13 16
109 132 109 137
159 75 159 70
111 96 112 100
111 116 111 120
4 99 4 95
155 96 155 100
7 137 7 134
7 137 7 134
7 137 7 134
7 137 7 134
112 101 112 104
157 85 157 83
110 121 110 123
5 94 5 92
