134 216
216
51 130 51 179
52 180 52 215
4 111 17 139
26 85 39 110
69 83 95 83
45 86 45 109
70 49 92 49
37 185 46 204
70 122 91 122
3 97 3 76
2 54 2 75
27 78 27 58
50 12 30 12
40 111 49 128
33 176 26 160
117 80 117 97
5 48 13 63
65 51 49 51
131 163 131 178
11 26 11 41
130 179 130 194
51 22 66 22
11 26 11 41
132 147 132 162
133 131 133 146
34 48 48 51
44 87 44 73
66 37 52 37
103 81 115 75
16 22 29 25
1 53 1 40
54 79 44 71
83 30 92 39
105 119 115 112
4 98 4 110
20 74 14 64
71 23 81 28
118 75 116 65
26 57 26 47
26 38 33 31
22 150 26 159
129 195 129 204
12 42 12 51
53 52 62 52
67 23 71 15
14 53 22 57
47 207 51 215
109 59 115 65
37 184 33 177
101 208 93 209
115 122 123 121
118 205 126 204
84 67 92 66
127 111 132 117
102 53 108 58
67 65 60 62
47 63 44 70
100 64 93 66
54 11 60 7
54 117 48 113
75 35 81 31
18 8 23 3
32 82 27 77
70 66 77 67
126 109 121 104
102 124 95 124
87 125 94 125
116 109 116 102
86 126 79 126
71 127 78 127
70 128 63 128
10 18 13 12
83 48 89 45
59 62 56 56
38 32 44 35
13 13 17 8
64 8 59 4
52 1 58 3
75 34 69 36
108 207 102 208
79 212 73 212
10 19 10 25
106 57 103 62
22 78 25 83
52 59 48 63
88 45 92 41
38 27 34 31
59 80 64 82
42 25 37 26
69 213 64 214
86 210 91 210
51 36 46 36
64 121 69 121
60 215 55 215
85 211 80 211
37 85 33 82
100 82 95 82
90 44 92 40
101 53 97 51
60 53 57 56
34 47 30 46
34 47 30 46
59 119 63 120
25 10 21 9
26 46 27 42
57 129 53 130
43 86 39 85
34 26 30 25
25 2 29 1
20 145 21 149
26 43 26 39
79 67 83 67
79 67 83 67
80 84 84 84
106 123 110 123
70 50 66 50
58 129 62 129
17 140 19 143
4 46 2 43
81 29 79 32
11 19 14 20
114 206 117 205
111 122 114 122
26 11 29 11
66 82 69 82
30 1 33 1
116 98 116 101
118 76 118 79
130 120 127 120
48 23 51 23
95 50 92 50
119 101 121 103
30 81 28 79
30 81 28 79
57 55 59 53
59 9 61 7
53 59 55 57
39 32 37 30
117 72 115 74
30 45 28 44
30 45 28 44
23 57 25 58
65 21 67 20
65 9 66 11
70 18 71 16
69 12 70 14
46 72 46 74
45 71 45 69
49 1 51 1
57 10 55 10
53 11 51 11
70 23 68 23
45 24 43 24
63 214 61 214
70 213 72 213
124 121 126 121
111 206 113 206
103 123 105 123
30 35 31 34
47 112 46 111
68 65 69 66
68 65 69 66
68 65 69 66
23 4 24 3
60 4 61 5
22 77 21 76
11 18 11 17
11 18 11 17
105 57 105 56
105 57 105 56
105 57 105 56
105 57 105 56
105 57 105 56
105 57 105 56
105 57 105 56
105 57 105 56
95 121 94 121
56 79 55 79
45 35 46 35
45 35 46 35
110 207 109 207
105 57 105 56
110 207 109 207
115 110 115 111
101 63 102 63
105 57 105 56
58 80 57 80
98 121 97 121
36 26 36 25
105 57 105 56
20 7 21 7
46 205 46 206
46 23 47 23
72 36 72 36
14 21 14 21
49 76 49 76
84 47 84 47
117 66 117 66
117 66 117 66
117 66 117 66
115 64 115 64
45 65 45 65
25 84 25 84
82 30 82 30
27 36 27 36
112 115 112 115
50 62 50 62
114 75 114 75
52 130 52 130
52 130 52 130
54 78 54 78
37 29 37 29
50 130 50 130
60 81 60 81
110 79 110 79
133 118 133 118
