165 144
48
106 68 8 68
61 3 140 3
30 103 106 103
107 68 107 142
106 108 163 108
9 34 58 34
108 142 156 142
9 103 29 103
106 104 106 123
106 101 106 85
59 26 59 11
152 3 141 3
161 90 162 99
155 30 155 39
160 85 160 76
4 62 5 54
160 137 160 129
161 129 161 121
159 67 159 75
157 49 157 57
162 113 162 121
58 25 58 33
158 58 158 66
156 40 156 48
153 12 153 20
154 29 154 21
60 11 60 3
3 65 3 72
6 89 6 82
8 93 8 100
4 78 4 71
163 113 163 107
7 88 7 94
5 77 5 83
8 40 9 35
6 51 7 46
159 137 159 142
8 41 7 45
152 7 152 11
3 68 7 68
161 89 161 86
9 99 9 102
162 100 162 103
4 63 4 65
163 104 163 106
6 52 6 54
5 59 5 59
6 48 6 48
