228 227
290
57 115 133 39
170 116 226 60
3 173 56 226
169 3 134 38
144 141 115 170
28 143 55 116
1 171 28 144
92 194 117 169
145 141 169 117
145 141 169 117
60 225 82 203
227 55 205 33
191 20 174 3
151 106 151 122
79 106 79 122
107 150 123 150
107 78 121 78
160 34 172 28
175 91 188 88
212 60 212 47
201 46 201 59
92 177 92 165
109 138 121 138
88 190 91 179
134 98 139 108
99 95 109 90
18 170 18 181
78 181 78 170
144 72 151 80
83 202 91 195
64 210 54 210
197 24 204 31
77 146 84 153
32 146 25 153
93 125 90 116
83 96 80 105
198 82 205 76
142 89 135 83
145 135 139 142
164 91 173 91
50 211 59 211
49 200 58 200
152 48 152 57
172 77 181 77
153 59 157 67
193 33 185 29
38 195 46 199
147 31 153 25
48 210 40 208
44 153 37 157
58 138 50 138
91 178 91 170
174 28 182 28
139 45 139 53
183 76 190 73
123 78 130 81
30 183 33 190
123 149 130 147
123 90 129 94
97 97 93 103
190 20 196 24
45 152 52 151
191 73 196 68
32 203 27 198
193 34 198 39
139 58 138 51
74 162 77 168
189 20 183 18
20 184 21 190
140 60 141 66
30 167 29 173
168 89 174 90
101 80 107 79
140 117 140 111
53 151 59 151
50 137 56 137
174 17 180 17
86 136 83 131
24 155 21 160
154 42 157 37
84 195 87 190
95 83 91 87
153 86 149 82
95 145 91 141
131 133 135 129
87 152 83 148
49 138 44 140
43 140 38 142
138 122 136 127
31 166 33 161
75 188 77 183
171 76 166 75
90 115 91 110
101 134 97 131
152 81 156 84
19 179 19 184
211 49 211 44
129 134 125 137
140 49 140 44
90 141 87 137
211 63 209 67
80 125 82 129
80 125 82 129
58 137 62 139
103 135 107 137
66 154 62 152
67 140 71 142
146 94 143 91
130 94 133 97
138 142 135 145
161 71 164 74
154 25 157 22
80 200 83 197
141 44 142 40
188 87 192 86
64 198 60 199
159 89 163 90
29 174 29 178
78 116 78 112
137 60 137 56
113 89 117 89
117 77 113 77
152 112 152 116
38 194 35 192
85 93 87 90
158 68 160 71
18 168 20 165
147 131 146 134
29 179 30 182
90 168 89 165
140 70 139 67
88 160 87 157
198 66 199 63
150 122 150 125
138 63 141 63
163 88 166 88
67 209 64 209
211 61 211 58
132 146 134 144
132 146 134 144
205 31 203 29
70 194 72 192
144 35 146 33
77 145 79 147
75 145 73 143
32 145 30 147
72 159 74 161
69 157 67 155
34 160 36 158
73 206 75 204
80 145 78 143
206 73 204 75
74 189 72 191
34 145 36 143
76 142 74 140
67 196 69 194
147 81 145 79
132 146 134 144
77 203 79 201
88 89 90 87
84 154 86 156
199 42 198 40
88 154 89 156
110 90 112 89
157 88 155 87
144 78 143 76
22 190 23 192
134 83 132 82
159 35 158 37
19 168 19 170
149 100 149 102
149 100 149 102
90 179 90 181
200 62 200 60
121 90 119 90
83 198 83 196
116 139 114 139
200 45 200 43
148 98 148 100
139 118 139 120
180 18 182 18
19 168 19 170
64 137 64 139
195 24 194 23
95 128 94 127
95 128 94 127
95 128 94 127
159 21 160 20
26 198 25 197
97 82 96 83
208 70 209 69
97 145 96 144
138 65 139 66
142 74 141 73
154 44 153 45
148 129 149 128
147 97 146 96
197 66 196 67
194 85 195 84
26 151 25 152
103 148 104 149
98 82 97 83
70 157 71 158
57 114 56 115
142 67 142 66
70 139 71 139
70 139 71 139
70 139 71 139
70 139 71 139
89 163 89 162
20 163 20 162
172 1 171 1
150 105 150 106
165 19 166 19
153 46 153 47
91 108 91 109
38 207 39 207
177 90 176 90
68 138 67 138
196 83 197 83
168 18 169 18
66 197 65 197
159 86 160 86
61 152 60 152
48 199 47 199
91 163 91 162
100 81 101 81
90 159 90 158
162 20 163 20
100 147 101 147
61 137 62 137
143 69 143 70
171 17 172 17
143 37 143 38
184 29 183 29
51 210 50 210
67 208 68 208
179 89 180 89
98 146 97 146
124 137 123 137
106 149 107 149
80 123 80 122
150 103 150 104
163 87 162 87
129 80 129 80
65 137 65 137
133 146 133 146
185 88 185 88
82 147 82 147
149 126 149 126
68 196 68 196
38 157 38 157
206 33 206 33
206 74 206 74
72 140 72 140
146 132 146 132
102 135 102 135
102 135 102 135
34 144 34 144
34 144 34 144
34 144 34 144
129 147 129 147
138 62 138 62
94 126 94 126
139 87 139 87
139 87 139 87
77 169 77 169
210 43 210 43
138 50 138 50
210 41 210 41
75 144 75 144
80 106 80 106
133 96 133 96
157 85 157 85
74 190 74 190
171 18 171 18
81 100 81 100
94 126 94 126
141 41 141 41
140 58 140 58
77 182 77 182
90 170 90 170
142 69 142 69
209 40 209 40
72 160 72 160
48 139 48 139
90 112 90 112
118 89 118 89
166 89 166 89
89 184 89 184
