181 212
225
71 129 71 183
76 124 114 95
93 66 93 104
132 74 132 36
72 183 72 211
18 113 43 119
66 78 43 78
36 48 21 63
89 50 110 50
127 13 147 13
109 21 89 21
144 1 125 1
92 35 110 35
130 83 144 72
52 122 68 126
50 44 66 44
177 107 177 91
165 26 165 41
109 86 94 86
118 171 129 161
98 189 109 179
147 60 133 60
89 70 77 76
130 27 143 27
168 123 159 132
146 26 158 24
24 71 35 76
62 117 50 117
2 131 2 119
180 45 180 57
3 144 3 132
4 145 4 157
5 170 5 158
49 62 61 62
6 183 6 171
138 152 130 160
80 55 70 60
178 90 178 79
179 69 179 58
89 198 81 205
158 133 150 140
48 45 38 47
164 42 164 52
1 108 1 118
90 197 97 190
155 5 162 12
112 34 121 30
10 101 2 106
120 83 128 79
162 54 154 58
115 6 123 2
33 56 41 60
86 34 78 30
83 23 76 28
21 195 13 192
41 202 33 199
123 26 115 23
175 117 169 123
86 54 92 60
111 9 105 15
68 43 75 47
179 70 178 78
176 108 176 116
132 26 124 26
22 88 22 96
21 73 21 81
23 105 23 97
64 77 72 77
66 38 69 45
78 47 85 49
59 208 52 206
12 100 18 96
114 7 120 11
84 111 90 107
80 206 75 211
80 206 75 211
88 57 93 62
144 147 139 152
166 18 166 25
34 113 28 110
93 63 90 69
151 3 156 7
149 141 145 146
67 211 61 209
119 48 125 46
44 203 50 205
64 116 70 116
49 61 43 61
7 184 7 190
42 116 48 116
166 17 163 22
23 70 20 65
21 62 25 58
11 111 16 112
64 61 69 60
3 109 8 110
21 82 22 87
40 77 45 77
70 34 73 30
20 72 20 67
167 55 163 58
79 55 82 51
151 67 155 64
75 46 79 49
67 38 69 34
121 89 118 92
131 36 128 33
153 11 156 8
161 59 158 62
113 175 110 178
161 59 158 62
79 113 83 112
79 113 83 112
105 16 106 20
91 35 87 34
114 49 118 48
145 26 141 26
85 22 89 22
175 43 171 43
110 22 114 22
127 85 124 87
24 107 27 109
162 22 159 23
130 78 131 75
25 196 22 195
115 85 118 84
129 44 126 45
47 120 50 121
89 49 86 49
150 12 147 12
123 12 126 12
145 2 148 2
115 174 117 172
32 54 34 56
83 52 85 54
164 15 162 13
73 126 75 124
175 49 177 47
147 70 145 72
150 68 148 69
150 68 148 69
172 51 174 50
165 16 164 14
28 197 30 198
91 106 92 104
111 85 113 85
168 42 170 42
168 42 170 42
81 51 81 53
32 53 32 55
74 76 72 76
112 49 110 49
66 45 68 45
119 11 121 11
119 11 121 11
121 29 121 27
9 191 11 191
82 23 84 23
70 127 70 129
150 59 152 59
178 44 176 44
46 120 44 120
75 115 76 114
75 115 76 114
77 28 78 27
116 9 117 10
70 43 71 44
10 111 9 110
80 51 79 50
76 75 75 76
32 199 31 198
157 62 156 63
129 83 128 84
116 93 117 92
43 203 42 202
39 77 38 76
78 49 77 48
79 25 80 24
89 69 90 68
36 49 37 48
109 12 108 13
77 28 78 27
178 47 179 46
122 89 123 88
170 53 171 52
75 29 74 29
21 65 21 64
21 65 21 64
124 2 125 2
73 115 72 115
130 43 129 43
49 45 50 45
150 3 149 3
151 11 152 11
131 41 131 42
61 61 62 61
37 114 36 114
75 29 74 29
92 62 92 63
27 197 26 197
106 15 106 15
106 15 106 15
23 69 23 69
12 192 12 192
38 115 38 115
67 42 67 42
155 8 155 8
67 36 67 36
122 12 122 12
60 209 60 209
79 48 79 48
38 48 38 48
155 24 155 24
127 44 127 44
37 77 37 77
68 61 68 61
34 75 34 75
11 100 11 100
153 58 153 58
73 45 73 45
120 26 120 26
23 69 23 69
163 53 163 53
78 29 78 29
77 29 77 29
