146 179
132
123 93 90 68
78 59 78 29
77 129 97 142
42 50 42 69
41 88 41 70
43 31 43 49
44 30 44 12
54 114 42 105
127 127 115 118
5 111 3 125
8 134 20 141
114 137 114 124
115 136 115 149
6 95 6 108
8 90 8 77
7 99 7 86
112 158 101 164
13 34 13 46
12 55 12 43
38 152 28 146
71 172 61 166
25 20 33 12
41 5 33 13
9 72 11 61
125 151 115 156
91 170 100 165
68 123 76 128
134 145 126 150
87 65 79 60
45 2 45 11
40 98 40 89
136 133 129 128
66 20 60 14
72 25 66 19
79 177 72 173
3 131 4 123
144 138 137 134
11 56 10 64
10 126 3 130
9 81 9 73
141 111 141 119
143 135 143 127
142 127 142 119
113 125 113 117
133 101 139 105
104 147 98 143
55 10 60 15
23 21 18 26
130 99 125 94
71 23 76 28
14 37 14 30
21 142 27 145
44 3 50 6
116 154 116 148
86 65 91 68
140 141 135 144
61 118 56 115
110 151 105 148
55 162 60 165
81 176 86 173
45 156 49 159
140 111 140 106
62 119 66 122
35 107 31 110
35 107 31 110
40 153 44 156
50 159 54 162
15 122 11 125
17 121 20 118
51 7 54 10
28 112 25 115
43 4 40 7
4 113 5 117
10 69 10 73
11 51 11 55
37 106 40 104
141 141 144 139
90 171 87 172
7 133 4 132
5 107 5 104
112 152 114 154
124 94 126 96
122 93 120 91
116 88 118 90
24 115 22 117
129 97 131 99
16 27 14 29
26 18 24 20
30 111 32 110
114 156 113 158
144 137 144 135
144 137 144 135
5 110 5 108
17 26 18 25
55 114 54 113
112 85 113 86
77 28 76 27
105 80 104 79
100 76 101 77
35 108 36 107
66 121 67 122
29 112 28 113
4 122 4 121
111 152 111 152
111 152 111 152
111 152 111 152
128 127 128 127
84 64 84 64
29 146 29 146
134 101 134 101
9 126 9 126
51 111 51 111
98 73 98 73
92 70 92 70
115 157 115 157
24 116 24 116
138 134 138 134
69 123 69 123
45 108 45 108
63 119 63 119
49 6 49 6
111 152 111 152
112 157 112 157
9 134 9 134
114 118 114 118
111 152 111 152
82 61 82 61
96 73 96 73
96 73 96 73
111 152 111 152
111 152 111 152
111 152 111 152
