180 213
218
108 125 58 87
110 127 110 170
88 103 88 61
109 212 109 171
52 159 75 182
96 49 67 49
109 44 134 44
35 143 51 159
56 26 34 26
20 130 5 115
116 125 136 120
50 76 50 56
9 50 24 62
34 143 21 130
118 61 136 61
16 33 16 15
29 65 43 76
17 34 17 51
76 182 88 194
89 194 101 206
4 90 4 106
3 89 3 73
118 78 134 78
2 72 2 56
17 13 29 3
49 41 49 55
146 49 156 57
106 28 115 37
76 50 88 50
76 86 88 86
76 50 88 50
57 1 67 6
29 58 19 53
160 83 160 72
89 20 78 20
159 95 159 84
55 12 65 9
89 35 79 35
178 148 178 138
50 13 40 13
175 172 175 182
179 137 179 127
122 116 112 116
69 7 76 14
62 31 71 34
171 101 163 96
145 117 154 115
158 105 158 96
50 41 57 46
108 212 102 206
130 205 122 207
170 110 178 108
109 59 117 61
177 149 177 157
176 163 176 171
1 55 1 47
141 77 133 77
112 77 120 77
161 66 156 72
96 53 90 58
143 59 149 54
154 110 147 113
139 46 146 48
144 118 137 119
144 118 137 119
144 118 137 119
51 76 56 81
130 116 137 116
5 107 5 114
101 49 107 46
97 22 103 25
56 80 62 83
161 65 158 59
111 43 115 38
132 204 138 202
132 204 138 202
120 208 114 210
157 196 151 198
157 114 163 112
169 192 163 194
36 1 30 3
146 75 152 74
50 34 49 40
72 34 78 35
39 12 33 12
61 25 55 25
75 85 69 85
75 85 69 85
112 76 106 76
48 60 42 60
28 25 34 25
59 25 62 30
22 23 17 20
73 20 77 16
92 70 97 72
104 26 102 31
63 23 68 22
102 74 97 73
102 74 97 73
160 64 161 69
77 20 72 21
1 44 6 43
106 58 102 55
106 58 102 55
92 108 89 104
90 21 95 21
90 34 95 34
107 45 112 45
146 76 141 76
101 55 101 50
7 49 3 46
174 183 174 188
173 102 177 105
146 200 150 198
156 71 152 73
102 113 98 111
93 108 96 111
89 66 92 69
44 76 47 79
28 65 25 62
168 111 164 112
98 48 102 47
177 158 176 162
63 48 67 48
32 59 36 59
26 5 26 9
135 45 139 45
22 22 25 24
22 22 25 24
154 109 157 107
51 34 54 32
113 210 110 211
7 43 10 42
115 126 112 126
108 115 111 115
54 12 51 12
137 60 140 60
98 33 95 33
126 117 123 117
98 52 100 50
158 60 156 58
91 69 89 67
54 31 56 29
112 43 114 41
54 84 56 86
51 77 53 79
57 29 59 27
51 82 49 80
29 10 27 9
29 10 27 9
63 83 65 84
157 105 156 107
59 46 57 45
59 46 57 45
172 191 170 192
71 21 69 21
104 114 106 114
26 24 28 24
159 195 161 195
54 1 56 1
76 16 76 18
89 62 89 60
140 115 142 115
38 60 40 60
143 114 145 114
100 51 100 53
68 84 66 84
76 15 75 14
76 15 75 14
179 106 178 105
27 4 28 3
51 43 50 42
114 35 113 34
76 15 75 14
107 58 108 59
92 58 91 58
149 53 149 52
149 53 149 52
65 8 66 8
62 24 63 24
40 1 39 1
161 70 161 71
144 200 145 200
155 114 156 114
105 47 106 47
92 58 91 58
103 75 104 75
31 11 30 11
57 86 57 86
57 86 57 86
17 14 17 14
73 12 73 12
158 196 158 196
74 20 74 20
105 28 105 28
105 28 105 28
96 48 96 48
53 44 53 44
68 7 68 7
148 56 148 56
69 33 69 33
95 72 95 72
64 3 64 3
33 67 33 67
111 60 111 60
68 7 68 7
18 21 18 21
53 83 53 83
8 50 8 50
89 65 89 65
89 65 89 65
89 65 89 65
63 31 63 31
60 29 60 29
96 22 96 22
31 2 31 2
174 190 174 190
128 116 128 116
