146 179
123
31 25 104 74
144 49 109 75
69 150 69 121
15 80 32 93
114 31 131 41
104 149 104 130
103 150 103 168
106 92 106 110
105 111 105 129
61 115 47 105
15 50 4 42
142 63 142 76
136 116 136 129
143 48 132 42
139 99 137 111
139 94 141 82
135 125 135 137
134 134 134 146
91 17 101 23
78 9 68 3
138 102 140 91
36 21 46 16
103 24 112 30
116 166 124 159
32 35 32 45
143 68 143 58
77 157 69 151
26 27 18 32
33 52 34 61
31 33 31 24
107 91 107 82
81 160 87 166
10 37 17 33
141 77 140 85
68 120 61 116
108 173 101 177
137 112 137 120
6 70 6 62
4 46 4 54
5 54 5 62
133 143 133 151
22 55 16 50
38 98 44 103
83 12 89 16
33 94 39 98
28 59 34 63
114 167 109 172
93 170 98 175
92 170 87 165
33 51 33 44
102 175 102 169
66 4 61 7
129 154 125 158
42 100 46 104
143 54 144 59
3 46 3 41
56 112 60 115
7 72 9 76
47 15 51 13
46 103 49 106
46 103 49 106
78 158 81 161
13 79 10 76
46 103 49 106
32 23 36 22
141 76 141 72
53 12 56 10
7 39 4 40
57 9 60 8
27 26 30 25
138 108 138 111
144 50 144 53
80 10 82 12
100 176 98 174
129 155 131 153
25 57 27 58
105 75 107 76
32 32 32 34
18 82 17 81
18 82 17 81
75 156 76 157
75 156 76 157
122 160 121 161
51 107 52 108
114 168 115 167
13 78 14 79
30 91 29 90
25 87 26 88
23 55 24 56
22 85 21 84
8 38 9 37
33 24 32 24
33 24 32 24
62 116 63 116
144 56 144 55
29 59 29 59
29 59 29 59
100 23 100 23
84 61 84 61
90 16 90 16
96 69 96 69
105 26 105 26
105 26 105 26
81 59 81 59
99 71 99 71
78 57 78 57
128 39 128 39
112 72 112 72
26 57 26 57
107 173 107 173
102 73 102 73
75 55 75 55
118 33 118 33
53 110 53 110
133 42 133 42
93 67 93 67
77 9 77 9
19 52 19 52
34 94 34 94
134 57 134 57
113 30 113 30
87 63 87 63
55 110 55 110
