190 161
171
138 116 101 88
147 70 178 47
106 127 76 104
148 159 166 144
63 113 47 125
4 71 18 82
112 131 125 142
75 87 75 70
89 80 102 90
31 93 19 83
13 108 25 118
76 103 76 88
125 12 113 5
159 78 170 85
75 105 65 112
163 116 172 108
150 145 150 133
73 26 63 32
60 80 50 86
16 61 26 55
44 44 34 50
99 10 108 4
58 35 49 41
161 34 170 39
134 18 143 23
144 119 152 125
149 153 149 143
151 127 151 137
177 134 170 141
61 79 69 74
76 24 84 19
49 87 41 92
37 109 37 118
36 101 36 110
152 28 159 33
91 15 98 10
178 104 184 98
155 123 161 117
172 109 178 103
38 122 39 130
186 103 185 111
133 17 126 13
15 62 9 66
85 77 79 73
137 114 142 119
182 130 177 135
33 51 27 54
4 69 9 65
136 150 131 146
7 101 7 95
177 70 177 64
178 57 178 63
35 102 35 96
5 84 5 90
179 44 174 41
40 129 45 126
171 86 176 89
153 74 158 77
31 123 35 127
142 118 146 122
129 145 125 141
112 132 108 128
3 76 2 71
26 119 30 122
176 76 176 71
6 90 6 95
4 79 4 84
180 45 180 50
179 56 179 51
177 90 181 92
148 71 152 73
85 18 89 16
40 93 36 95
184 99 187 96
167 143 170 140
38 121 38 117
73 71 77 71
185 95 182 93
148 26 151 28
171 40 174 42
140 153 137 151
144 156 141 154
187 99 186 102
184 117 184 120
148 154 148 157
109 4 112 4
109 4 112 4
8 104 8 101
152 126 152 129
135 113 133 111
14 108 16 110
153 124 155 122
48 41 46 43
37 128 35 126
146 157 148 158
183 124 183 126
182 129 182 127
183 121 183 123
184 114 184 116
3 79 3 77
175 78 175 80
106 93 105 92
106 93 105 92
148 123 147 122
70 73 71 72
12 107 11 106
12 107 11 106
87 79 86 78
131 110 130 109
161 118 162 117
72 72 71 73
140 116 141 117
104 126 103 125
163 146 162 147
60 34 59 35
127 107 126 106
107 128 108 129
70 73 71 72
9 105 10 106
87 78 88 79
160 33 159 32
46 125 47 124
129 144 130 145
146 25 147 25
62 33 61 33
185 113 185 112
33 94 32 94
74 25 75 25
74 25 75 25
74 25 75 25
74 25 75 25
145 24 144 24
146 25 147 25
80 73 80 73
80 73 80 73
80 73 80 73
80 73 80 73
80 73 80 73
80 73 80 73
80 73 80 73
51 86 51 86
51 86 51 86
51 86 51 86
43 44 43 44
43 44 43 44
74 105 74 105
50 122 50 122
133 147 133 147
93 13 93 13
3 73 3 73
14 62 14 62
187 98 187 98
154 155 154 155
50 122 50 122
67 111 67 111
39 93 39 93
115 98 115 98
157 151 157 151
78 72 78 72
109 95 109 95
123 104 123 104
114 5 114 5
95 119 95 119
149 26 149 26
38 129 38 129
80 73 80 73
169 39 169 39
39 125 39 125
59 80 59 80
80 73 80 73
99 122 99 122
