166 138
46
118 135 20 135
3 101 98 101
99 101 157 101
8 64 59 64
154 31 108 31
107 2 62 2
119 135 160 135
60 54 60 32
61 34 61 12
107 3 107 17
108 30 108 17
59 52 59 63
19 135 8 135
62 3 62 14
164 95 164 106
158 57 158 47
3 106 3 96
163 109 162 118
163 87 163 96
159 55 159 64
5 86 6 78
5 119 5 111
162 88 162 80
161 72 161 80
161 122 161 130
157 42 157 49
160 64 160 71
4 112 4 105
6 118 6 125
156 37 155 31
7 131 7 125
4 97 4 92
4 91 5 87
7 71 8 67
160 130 160 134
7 76 7 72
157 39 156 42
162 122 162 119
8 131 8 134
6 77 6 75
163 108 163 106
156 40 156 39
8 65 8 66
7 68 7 68
6 83 6 83
155 34 155 34
