165 144
47
21 103 106 103
107 68 34 68
107 135 107 69
106 108 163 108
9 34 58 34
156 142 107 142
103 3 152 3
60 3 102 3
4 68 33 68
106 104 106 123
106 101 106 85
59 11 59 26
9 103 20 103
160 76 160 85
155 30 155 39
163 113 163 104
156 48 156 40
58 33 58 25
159 75 159 67
160 137 160 129
161 121 161 129
162 113 162 121
157 49 157 57
161 94 161 86
162 95 162 103
153 12 153 20
158 66 158 58
4 78 4 71
8 93 8 100
60 4 60 11
3 72 3 65
6 82 6 89
4 59 4 65
8 43 8 37
5 83 5 77
159 142 159 137
5 59 5 54
7 48 7 43
107 136 107 141
154 29 154 24
152 7 152 11
9 102 9 99
7 91 7 94
6 48 6 50
7 88 7 90
9 37 9 35
154 21 154 23
