166 138
42
20 37 118 37
7 3 80 3
159 3 106 3
108 74 159 74
12 107 59 107
105 136 60 136
163 37 119 37
105 3 81 3
106 104 106 126
107 84 107 106
59 108 59 122
60 122 60 135
3 31 3 43
10 95 12 106
108 86 108 75
105 124 105 135
9 91 9 81
4 51 4 42
6 7 6 16
8 74 8 83
10 37 19 37
5 15 5 24
4 23 4 32
164 37 163 29
161 55 161 63
162 48 162 56
5 50 5 58
160 62 160 70
6 58 6 66
163 49 163 41
162 20 162 27
7 74 7 67
161 13 161 20
160 13 160 7
10 94 10 89
159 69 159 73
7 4 7 8
164 38 164 42
159 7 159 4
163 28 163 26
11 96 11 98
164 32 164 32
