250 191
376
73 24 86 39
89 105 89 86
103 129 87 120
163 71 147 62
33 89 17 80
117 45 133 54
55 101 40 93
19 37 27 23
70 110 56 102
28 22 35 8
69 84 81 74
69 84 81 74
177 79 164 72
86 119 73 112
6 60 13 47
160 162 148 155
91 30 79 23
203 94 215 101
199 185 187 178
74 20 62 13
234 148 228 160
161 89 161 102
25 45 25 58
118 59 131 59
131 71 118 71
149 102 149 89
177 129 185 119
164 149 170 160
153 119 159 108
101 67 112 61
33 71 44 76
61 18 72 23
14 45 14 57
122 131 134 131
87 42 87 54
235 135 235 147
121 139 131 145
249 123 243 133
189 86 199 92
106 79 115 72
179 152 187 160
43 28 33 33
196 174 207 174
56 76 45 76
120 139 111 134
100 96 102 106
163 136 163 146
153 73 146 66
21 74 28 81
148 88 144 79
224 111 230 118
179 169 172 163
225 134 225 143
88 91 88 100
74 56 74 47
144 126 136 130
101 88 105 80
218 121 223 128
18 38 15 46
96 118 102 124
146 125 152 119
140 150 133 146
247 119 240 115
50 6 43 2
225 164 229 157
211 188 215 181
238 141 242 134
3 72 10 76
178 173 171 169
52 89 44 89
45 27 53 27
207 163 199 163
154 75 159 81
119 119 112 117
176 143 178 150
130 119 137 117
188 103 195 101
52 7 58 11
179 173 185 177
177 106 173 112
28 65 33 70
191 162 198 163
86 48 86 41
176 132 176 139
128 120 121 120
39 1 36 7
63 72 57 75
134 55 140 58
110 133 104 130
168 118 165 124
222 166 217 170
73 58 71 64
132 72 138 74
89 60 88 66
89 60 88 66
188 173 194 174
234 127 235 133
193 115 199 114
163 132 162 138
72 41 73 47
15 56 15 62
41 17 47 17
46 16 52 16
60 17 54 17
160 139 160 133
105 38 110 41
27 81 32 84
27 81 32 84
221 104 226 107
181 169 186 172
97 33 102 36
94 76 91 81
109 128 104 125
231 110 236 113
216 158 220 154
99 70 95 74
140 115 144 111
155 74 151 70
80 78 84 74
220 108 224 112
221 170 219 175
11 77 16 79
18 69 16 64
181 82 186 84
62 87 67 85
39 92 34 90
85 64 87 59
60 89 65 88
201 102 196 101
41 88 46 88
131 60 136 60
160 89 160 84
140 62 144 65
220 104 216 101
26 26 30 23
207 102 202 102
143 152 147 154
208 190 204 188
67 34 69 38
214 171 210 173
149 68 146 65
96 117 93 114
176 110 179 107
79 80 76 83
63 32 60 29
224 144 223 148
223 168 224 164
223 129 224 133
27 63 26 59
176 142 175 138
184 105 188 104
59 29 55 28
188 117 192 116
148 103 147 107
118 60 114 60
160 106 160 102
204 114 200 114
100 91 100 95
103 107 105 110
65 71 67 68
210 162 213 160
93 31 96 33
57 89 60 87
236 145 238 142
113 43 116 44
161 143 162 140
78 22 75 21
91 109 90 106
3 66 4 63
83 69 84 66
227 108 230 109
203 187 200 186
164 164 161 163
90 86 90 83
125 132 128 132
161 130 164 130
120 131 117 131
35 19 38 19
89 51 89 54
215 119 217 121
66 34 64 32
19 34 21 32
30 36 32 34
185 104 187 102
109 114 111 116
80 30 78 28
139 75 141 77
80 73 82 71
146 108 144 110
212 117 214 119
169 117 171 115
29 38 27 40
70 38 71 40
188 160 190 161
86 70 85 72
55 88 54 90
72 85 70 86
181 106 183 105
200 92 202 93
101 68 99 69
182 104 184 103
211 116 209 116
211 116 209 116
17 37 17 39
55 90 57 90
164 127 165 126
151 121 152 120
68 68 69 67
216 106 217 107
172 162 171 161
187 85 188 86
92 112 93 113
92 112 93 113
167 166 168 167
139 62 140 63
232 123 233 124
187 118 186 119
27 41 26 42
85 40 84 39
153 117 154 116
79 75 78 76
35 20 34 21
221 152 222 151
37 86 38 87
165 165 166 166
143 79 142 78
32 21 31 22
82 33 81 32
219 107 218 108
138 116 139 115
171 110 170 111
20 72 19 71
218 176 217 177
217 178 216 179
104 66 103 67
222 150 223 149
34 85 35 86
168 114 167 115
231 121 230 120
114 130 115 131
68 87 67 88
167 121 168 120
103 37 104 38
170 168 169 167
70 65 69 66
173 109 174 108
164 152 165 153
163 123 162 124
92 111 93 112
215 158 214 159
87 56 86 57
239 114 238 114
55 16 54 16
164 146 164 147
249 122 249 121
161 127 161 128
197 102 196 102
143 60 144 60
143 60 144 60
143 60 144 60
207 173 208 173
207 173 208 173
106 111 106 112
106 111 106 112
71 111 72 111
177 131 177 130
112 42 111 42
162 147 162 146
166 117 166 116
193 101 192 101
111 129 112 129
101 90 101 89
172 113 172 114
172 113 172 114
207 115 206 115
73 57 73 56
210 103 210 104
163 149 163 150
145 61 146 61
208 103 207 103
190 102 189 102
112 42 111 42
40 87 41 87
123 132 122 132
26 43 26 44
137 61 136 61
41 18 40 18
89 48 89 49
233 126 233 127
234 147 234 146
117 72 116 72
159 84 159 83
209 162 208 162
5 61 5 62
141 59 142 59
18 36 18 37
214 105 213 105
30 37 30 37
224 134 224 134
211 104 211 104
184 158 184 158
161 140 161 140
161 140 161 140
17 65 17 65
33 34 33 34
165 119 165 119
73 82 73 82
89 57 89 57
231 153 231 153
188 172 188 172
188 172 188 172
120 119 120 119
120 119 120 119
120 119 120 119
61 87 61 87
84 68 84 68
84 68 84 68
89 58 89 58
179 105 179 105
230 155 230 155
181 155 181 155
64 71 64 71
222 169 222 169
222 169 222 169
129 119 129 119
220 153 220 153
164 129 164 129
92 31 92 31
223 165 223 165
87 67 87 67
184 121 184 121
156 76 156 76
75 83 75 83
90 55 90 55
179 108 179 108
30 68 30 68
61 12 61 12
61 12 61 12
179 151 179 151
186 177 186 177
87 68 87 68
85 65 85 65
108 113 108 113
85 42 85 42
134 130 134 130
163 121 163 121
115 130 115 130
169 112 169 112
180 105 180 105
89 58 89 58
15 48 15 48
88 45 88 45
229 119 229 119
213 104 213 104
231 120 231 120
35 85 35 85
114 61 114 61
120 119 120 119
90 105 90 105
112 130 112 130
224 143 224 143
89 57 89 57
216 170 216 170
1 70 1 70
159 106 159 106
166 155 166 155
234 130 234 130
62 30 62 30
15 43 15 43
180 81 180 81
22 30 22 30
15 49 15 49
151 69 151 69
224 134 224 134
60 12 60 12
111 74 111 74
