226 228
294
109 54 166 111
57 116 112 171
169 114 223 168
119 178 168 227
84 30 57 3
28 87 55 114
199 198 225 172
1 61 27 87
108 53 85 30
32 23 54 1
21 34 1 54
171 225 189 207
102 78 121 78
42 89 59 89
15 61 15 45
87 45 80 31
79 131 89 143
47 91 62 91
33 70 45 76
138 188 135 175
105 150 118 150
179 138 166 138
148 107 148 120
84 76 75 85
149 170 154 159
71 84 80 76
44 90 56 90
57 17 45 17
44 28 56 28
183 152 192 159
187 196 195 188
89 60 87 49
149 182 149 171
180 210 169 210
180 210 169 210
58 75 67 70
194 203 185 208
136 115 134 125
108 138 118 138
75 109 75 119
136 87 128 81
171 151 180 151
87 109 87 118
208 174 208 165
96 133 104 137
69 85 61 89
134 142 140 136
132 128 126 134
198 179 198 171
96 147 90 142
81 94 86 88
69 22 62 19
204 192 207 185
179 199 186 197
39 30 33 34
32 69 28 63
89 124 93 130
197 148 202 153
160 154 155 159
115 77 108 77
208 184 208 177
67 89 73 86
67 89 73 86
115 89 121 91
90 101 88 107
135 107 133 101
118 137 124 135
170 151 164 152
136 159 135 165
169 211 175 211
136 114 136 108
170 137 176 137
76 117 76 123
47 77 53 77
170 200 176 200
25 49 25 55
161 137 167 137
136 171 136 177
209 171 209 177
72 63 69 68
193 160 196 165
71 40 74 45
29 82 34 85
197 147 192 144
158 208 153 205
128 82 123 79
99 92 95 96
154 191 158 195
200 198 196 202
127 94 131 98
118 177 114 173
21 32 25 28
22 76 26 80
151 204 147 200
183 140 188 141
196 186 197 181
205 157 206 162
183 139 178 139
123 149 118 149
89 51 89 56
94 96 91 100
26 60 26 55
147 120 147 125
18 69 21 73
163 198 159 195
88 47 88 52
96 81 92 83
137 163 139 159
29 40 27 44
160 208 164 210
40 88 36 86
18 67 16 63
80 75 83 72
147 201 144 198
22 75 19 72
129 146 132 143
145 150 142 153
147 145 150 142
147 145 150 142
22 75 19 72
22 75 19 72
125 93 128 96
76 27 79 30
105 90 109 89
197 170 196 166
74 58 73 62
150 183 151 187
19 35 18 39
57 29 61 30
147 103 147 107
101 149 105 149
61 18 57 18
26 49 26 45
67 35 70 37
30 37 33 35
74 26 72 23
140 152 142 149
144 131 145 128
161 139 158 140
74 49 74 46
207 165 207 162
207 165 207 162
180 209 183 209
137 165 137 168
137 165 137 168
111 89 114 89
134 168 134 171
57 76 54 76
169 199 166 199
88 67 88 64
76 104 76 107
75 50 75 53
88 119 88 122
74 49 74 46
88 119 88 122
195 187 193 189
155 142 153 144
143 96 145 98
149 146 151 144
141 194 143 196
136 141 134 143
143 132 141 134
142 94 140 92
138 88 140 90
89 85 87 87
28 25 30 23
28 26 30 24
139 138 141 136
128 146 126 147
100 92 102 91
148 147 147 149
86 72 85 74
195 202 193 203
203 155 204 157
152 141 154 140
141 155 140 157
80 96 79 98
61 90 61 88
61 90 61 88
87 58 87 56
137 180 137 182
78 126 78 128
76 111 76 109
16 44 16 46
134 174 134 172
74 55 74 57
141 92 142 93
88 141 87 140
139 154 138 155
41 29 40 30
91 84 90 85
157 139 158 138
157 139 158 138
27 80 28 81
75 25 76 26
99 148 98 147
142 194 143 195
132 127 133 126
91 144 92 145
189 142 190 143
98 80 99 79
79 129 80 130
64 32 65 33
153 189 152 188
29 39 30 38
138 89 137 88
135 166 136 165
131 99 132 100
17 41 16 42
145 146 144 147
141 192 140 191
63 31 62 31
63 31 62 31
63 31 62 31
63 31 62 31
123 148 124 148
123 148 124 148
27 62 27 61
27 62 27 61
165 198 164 198
42 29 43 29
39 19 40 19
87 69 87 70
86 64 86 63
85 66 85 67
87 61 87 60
225 171 225 170
225 171 225 170
146 126 146 125
89 63 89 62
164 139 163 139
65 90 64 90
158 141 157 141
165 198 164 198
106 138 107 138
84 69 84 70
101 79 102 79
123 148 124 148
77 104 77 103
166 210 167 210
136 168 136 169
42 18 43 18
77 125 77 126
78 100 78 101
144 197 144 197
138 140 138 140
75 54 75 54
139 160 139 160
17 67 17 67
131 130 131 130
45 18 45 18
46 76 46 76
151 145 151 145
138 185 138 185
87 47 87 47
186 140 186 140
95 82 95 82
95 82 95 82
156 139 156 139
85 42 85 42
38 74 38 74
142 135 142 135
138 163 138 163
138 163 138 163
157 193 157 193
62 74 62 74
136 184 136 184
67 20 67 20
144 98 144 98
144 98 144 98
142 155 142 155
154 190 154 190
89 123 89 123
89 123 89 123
137 158 137 158
137 158 137 158
80 97 80 97
144 98 144 98
80 97 80 97
187 154 187 154
163 138 163 138
161 140 161 140
88 108 88 108
192 143 192 143
160 138 160 138
142 135 142 135
191 159 191 159
124 92 124 92
104 90 104 90
166 139 166 139
187 195 187 195
86 44 86 44
34 86 34 86
17 42 17 42
