158 147
48
113 144 15 144
48 36 105 36
103 2 50 2
104 77 156 77
51 113 4 113
151 43 111 43
45 79 8 79
141 144 114 144
104 65 104 38
48 26 48 49
50 85 50 64
49 46 49 67
51 103 51 83
103 58 103 77
49 27 49 10
105 29 105 45
104 28 104 13
152 110 150 122
5 127 7 139
149 125 149 137
154 85 154 97
52 113 52 101
153 105 153 93
148 142 148 133
3 108 3 117
5 93 5 101
156 81 156 73
50 3 50 11
155 81 155 89
152 109 152 101
103 4 103 12
9 79 6 86
6 136 7 143
153 56 153 49
6 94 6 87
155 65 155 72
4 108 4 101
154 64 154 57
4 117 4 124
150 123 150 129
8 144 14 144
152 48 152 44
151 109 151 113
147 141 147 144
7 85 7 88
5 126 5 124
151 121 151 119
8 142 8 143
