162 140
48
139 3 54 3
51 36 113 36
52 109 104 109
54 75 3 75
114 36 160 36
104 139 149 139
51 109 9 109
11 41 47 41
104 110 104 138
140 3 156 3
53 55 53 68
52 56 52 43
52 30 52 20
51 34 51 44
157 57 157 66
155 85 155 76
151 115 151 124
53 19 53 10
150 125 150 134
153 96 153 105
159 43 158 51
6 95 7 103
152 114 152 106
156 67 156 75
158 16 158 24
5 85 5 93
3 72 3 80
157 16 157 8
54 67 54 74
4 86 4 79
6 58 6 52
154 89 154 95
5 65 5 59
159 32 159 27
7 51 7 46
54 4 54 9
4 71 4 66
8 104 8 109
158 52 158 56
156 8 156 4
8 41 8 45
149 135 149 138
160 35 160 32
6 94 6 92
154 86 154 88
159 24 159 26
51 31 51 33
7 98 7 98
