242 141
294
207 139 109 139
94 81 192 81
13 139 91 139
40 81 93 81
193 81 241 81
39 81 4 81
230 139 208 139
216 48 195 48
111 48 132 48
48 48 27 48
7 35 10 53
155 57 155 39
237 22 237 38
92 139 108 139
232 40 218 47
226 9 212 2
7 112 4 98
228 10 237 21
71 35 60 44
195 1 209 1
156 30 148 41
76 30 76 43
167 42 167 29
154 16 145 7
127 1 139 5
58 4 63 15
36 1 48 1
13 41 6 32
217 30 226 23
197 31 187 26
77 55 72 65
227 16 222 6
24 47 14 42
115 1 126 1
89 59 89 48
1 83 3 93
13 138 11 128
219 74 227 68
13 12 7 20
75 29 75 19
181 12 187 4
166 43 166 53
77 44 77 54
61 21 54 28
65 7 72 14
16 21 22 28
238 49 239 58
6 47 5 56
46 77 37 77
126 49 117 49
42 49 33 49
126 77 117 77
201 49 210 49
6 22 6 31
167 56 171 64
148 40 141 45
88 38 87 30
169 28 168 20
140 6 144 13
185 4 178 8
238 24 238 32
210 32 202 32
41 32 33 32
88 39 88 47
87 29 87 21
156 21 156 29
137 28 143 23
132 76 139 74
98 17 100 10
97 69 103 73
93 12 89 18
173 35 169 29
100 7 94 11
20 7 14 11
177 70 172 65
231 40 236 35
236 39 237 46
48 30 54 27
29 31 23 28
154 59 151 65
90 60 93 66
172 13 169 19
181 42 187 45
91 36 88 30
63 72 68 68
152 15 156 20
24 5 19 9
241 69 241 75
123 32 117 32
156 32 156 38
16 20 16 14
145 13 145 19
240 62 240 68
181 13 181 19
93 39 98 42
25 5 30 2
175 38 180 41
146 70 150 66
21 8 17 12
16 67 12 63
107 28 102 26
101 6 106 5
129 31 124 32
9 121 8 116
240 94 241 89
116 76 111 76
52 76 47 76
58 6 54 3
2 70 2 75
4 63 4 58
111 2 107 4
144 19 142 23
108 29 112 31
61 20 63 16
108 29 112 31
187 5 191 3
184 24 182 20
101 24 99 20
228 67 231 64
71 34 68 37
228 67 231 64
104 45 100 44
11 58 12 62
72 34 73 30
235 47 234 51
235 119 236 115
73 15 74 19
236 114 237 110
236 114 237 110
138 28 134 29
234 53 233 57
35 1 31 2
35 76 31 76
192 76 196 76
227 17 227 21
238 106 238 102
88 22 88 18
211 31 215 31
74 30 74 26
43 31 47 31
35 76 31 76
232 132 232 136
192 76 196 76
24 73 27 75
183 73 180 71
232 61 233 58
240 95 239 98
109 47 106 46
135 47 132 47
169 20 169 23
169 20 169 23
56 75 53 75
206 77 203 77
187 75 190 75
154 35 154 32
154 35 154 32
3 66 3 69
198 31 201 31
199 77 202 77
110 75 107 75
48 47 51 47
131 76 128 76
168 25 168 28
192 2 195 2
87 26 84 26
169 20 169 23
233 128 233 131
208 76 211 76
10 122 10 125
236 34 234 36
103 7 101 9
94 66 96 68
69 10 71 12
103 25 101 23
21 72 19 70
186 25 184 23
18 70 16 68
10 15 8 17
176 9 178 7
174 10 173 12
62 6 64 7
20 27 22 27
228 11 226 11
182 9 182 11
7 45 7 43
7 45 7 43
11 55 11 57
32 31 30 31
112 2 114 2
8 34 8 36
214 75 216 75
235 46 235 44
237 109 237 107
113 31 115 31
239 99 239 101
239 61 239 59
1 76 1 78
32 31 30 31
7 19 7 21
50 2 52 2
25 47 27 47
182 9 182 11
231 139 231 137
4 95 4 97
8 113 8 115
234 122 234 124
60 73 61 72
60 73 61 72
98 18 99 19
176 10 175 11
141 24 140 25
93 38 92 37
175 37 174 36
139 6 138 5
59 24 58 25
143 7 142 6
145 70 144 71
234 16 235 17
149 10 150 11
30 75 29 75
99 43 100 43
99 43 100 43
236 33 236 32
238 47 238 48
167 49 167 48
60 5 61 5
70 66 71 66
241 88 241 87
235 121 235 120
186 74 185 74
211 2 210 2
133 30 132 30
130 31 131 31
52 3 53 3
56 45 57 45
192 47 193 47
105 74 106 74
142 72 141 72
3 64 3 65
144 8 145 8
57 4 56 4
188 3 189 3
53 46 54 46
227 10 227 10
148 11 148 11
212 76 212 76
172 14 172 14
155 20 155 20
233 39 233 39
59 74 59 74
171 16 171 16
140 73 140 73
71 33 71 33
234 52 234 52
58 44 58 44
179 41 179 41
137 5 137 5
102 25 102 25
102 25 102 25
151 38 151 38
151 38 151 38
151 38 151 38
216 30 216 30
216 30 216 30
169 30 169 30
89 17 89 17
183 44 183 44
227 13 227 13
149 66 149 66
149 66 149 66
144 11 144 11
144 11 144 11
144 11 144 11
216 47 216 47
155 30 155 30
154 58 154 58
95 11 95 11
227 13 227 13
222 8 222 8
222 8 222 8
222 8 222 8
90 15 90 15
10 54 10 54
178 70 178 70
170 32 170 32
60 23 60 23
17 13 17 13
17 13 17 13
99 7 99 7
98 14 98 14
116 31 116 31
116 31 116 31
16 44 16 44
57 74 57 74
