166 144
54
99 42 9 42
106 76 24 76
107 2 107 76
60 142 127 142
163 36 107 36
159 2 108 2
58 111 9 111
108 21 108 54
128 142 152 142
2 76 23 76
162 42 162 55
5 89 7 101
163 31 163 43
160 62 160 73
159 72 159 82
155 111 155 121
161 55 161 64
59 128 59 119
161 15 161 24
160 7 160 16
158 91 158 82
156 102 156 111
7 55 7 46
157 101 157 92
4 66 3 74
59 129 60 137
154 123 154 131
153 129 153 137
6 60 6 52
5 57 5 65
7 102 8 109
3 82 5 88
106 42 100 42
162 32 162 26
58 112 58 118
8 43 8 49
4 82 2 77
159 8 159 3
8 106 8 103
152 141 152 138
4 89 4 87
5 93 5 95
4 63 4 65
3 68 3 70
6 98 6 100
60 138 60 140
154 120 154 122
162 23 162 25
161 52 161 54
163 46 163 44
9 44 9 43
2 74 2 75
3 81 3 81
4 71 4 71
