187 158
165
114 2 142 25
90 22 110 6
78 54 78 32
49 94 31 82
77 48 77 63
51 46 39 37
115 13 115 28
183 76 185 90
74 152 62 145
128 46 139 54
102 46 91 54
85 153 96 146
15 72 4 65
77 64 87 57
106 43 116 36
48 118 48 130
16 73 26 79
162 72 153 65
174 52 166 44
49 108 49 119
11 57 3 64
47 136 55 130
140 55 148 61
51 10 43 4
162 42 155 35
144 26 151 33
161 40 168 47
149 30 156 37
130 125 138 120
151 112 159 107
122 130 114 135
18 22 25 16
18 22 25 16
28 43 21 49
60 144 53 139
63 125 56 130
65 105 58 100
35 37 29 43
150 113 143 117
182 74 182 66
114 12 114 4
176 83 182 88
70 59 76 63
104 141 98 145
123 42 129 46
123 42 129 46
70 120 64 124
63 54 57 50
65 20 71 24
73 118 79 114
169 78 175 82
50 95 56 99
36 7 41 2
172 49 177 54
32 10 37 5
40 11 41 4
39 23 39 16
5 47 5 54
79 31 79 38
6 40 6 47
181 60 181 67
117 37 122 41
20 50 15 54
47 135 47 129
4 60 4 54
116 35 116 29
50 102 50 108
175 97 180 94
13 26 17 23
180 61 180 56
53 11 57 14
56 49 52 46
72 25 76 28
173 98 169 101
12 27 8 30
49 137 53 140
83 27 79 30
31 83 27 80
80 156 76 153
109 138 113 136
129 126 125 128
29 12 26 15
68 58 65 55
8 32 7 36
38 24 38 28
37 32 37 36
7 37 7 41
84 154 81 155
84 154 81 155
84 154 81 155
139 119 142 118
40 15 40 12
105 141 107 139
75 111 77 113
75 111 77 113
71 109 69 107
71 109 69 107
145 28 143 26
166 75 168 77
165 75 163 73
60 16 62 18
113 4 111 6
87 24 89 22
151 64 149 62
105 44 103 45
84 26 86 25
36 37 38 37
183 73 183 75
38 31 38 29
3 60 3 62
164 104 165 103
133 18 134 19
14 55 13 56
166 103 167 102
120 40 121 41
17 22 16 23
92 54 93 53
72 109 73 110
86 57 85 58
101 46 100 47
59 16 58 15
75 153 76 154
178 54 179 55
138 22 139 23
67 106 66 105
143 57 142 56
30 12 31 11
184 89 183 88
11 27 10 28
11 27 10 28
11 27 10 28
90 55 89 56
89 55 88 56
89 55 88 56
23 17 22 18
143 57 142 56
78 29 77 29
78 29 77 29
72 119 71 119
124 129 123 129
96 51 96 51
96 51 96 51
63 145 63 145
34 85 34 85
34 85 34 85
168 101 168 101
49 134 49 134
75 116 75 116
112 38 112 38
17 73 17 73
174 98 174 98
48 43 48 43
48 43 48 43
81 62 81 62
119 38 119 38
179 85 179 85
170 78 170 78
40 89 40 89
11 70 11 70
8 31 8 31
184 86 184 86
63 104 63 104
68 107 68 107
82 60 82 60
25 79 25 79
