141 254
360
20 158 12 189
110 12 140 20
1 232 8 202
120 99 127 71
107 145 100 172
82 238 89 212
133 49 128 70
31 119 36 98
110 136 115 118
79 162 63 162
129 36 129 52
81 192 85 207
43 150 54 159
59 174 71 180
96 188 99 175
77 90 64 90
107 120 107 133
24 204 24 217
42 186 55 186
69 49 69 36
42 245 55 245
108 11 96 7
122 66 128 55
12 209 14 221
90 110 95 121
19 230 27 239
44 170 56 170
87 80 99 80
85 83 97 83
32 229 42 234
87 18 98 18
41 173 52 173
95 133 95 122
93 98 101 105
68 17 61 25
33 241 43 244
78 184 71 177
32 191 41 187
46 99 54 94
39 90 41 81
57 47 58 56
64 102 73 102
57 36 57 45
73 215 73 206
108 62 100 66
102 107 106 115
107 22 99 18
117 35 113 27
41 105 47 99
78 230 72 236
64 70 70 76
77 3 85 5
52 39 50 47
35 125 35 117
118 46 118 38
46 122 46 130
65 192 70 198
27 237 33 242
26 222 31 228
31 193 26 199
69 72 64 66
93 8 86 5
40 107 37 114
93 8 86 5
69 251 62 249
74 57 70 51
67 240 73 236
89 143 93 137
59 56 60 63
108 144 109 137
56 146 51 141
68 1 75 2
97 67 90 67
56 187 62 190
77 185 72 181
53 109 58 105
31 175 27 180
94 154 89 158
22 184 26 179
118 69 114 74
72 217 70 223
48 54 50 48
47 132 49 138
65 241 59 243
25 141 23 147
35 134 34 128
72 151 78 150
74 102 80 103
38 91 37 97
60 9 59 15
85 215 85 209
33 174 39 174
33 174 39 174
56 41 56 47
85 215 85 209
49 115 52 110
80 78 75 75
77 23 82 20
82 104 87 107
71 32 74 27
85 93 90 96
74 58 78 62
122 21 118 17
118 18 114 14
70 199 72 204
15 196 17 191
46 63 44 68
105 137 104 142
47 121 48 116
55 93 60 92
112 76 107 77
115 117 116 112
26 137 27 132
125 25 126 30
60 244 55 244
105 78 102 82
73 252 78 252
117 51 114 55
13 204 13 199
50 172 45 172
84 147 88 144
52 235 47 235
50 172 45 172
29 127 27 131
116 111 118 107
54 31 56 27
112 25 108 23
40 146 43 149
92 96 95 99
76 233 79 230
66 227 63 230
57 146 60 149
101 146 98 149
61 232 57 233
59 104 63 103
44 69 43 73
58 17 57 21
14 236 18 237
36 136 37 140
22 152 23 148
29 126 30 122
59 171 63 172
61 149 65 150
112 74 116 73
47 58 46 62
58 17 57 21
79 91 83 92
83 148 79 149
82 239 81 243
96 8 92 7
84 218 84 214
64 91 60 91
106 133 106 137
52 234 56 234
66 174 69 176
77 24 74 26
83 64 86 66
95 153 98 151
124 25 122 22
109 61 112 59
63 68 61 65
79 62 82 64
62 62 63 65
26 221 25 218
80 247 81 244
80 81 83 82
82 78 85 79
119 103 118 106
52 172 55 173
46 235 43 234
43 74 42 77
82 223 81 226
62 3 61 6
80 9 83 9
80 9 83 9
136 37 136 40
15 224 15 221
58 161 61 161
117 50 117 47
88 8 85 8
12 207 12 204
90 208 90 211
9 201 9 198
10 197 10 194
11 193 11 190
53 35 53 38
138 30 138 33
102 79 99 79
14 199 14 196
58 161 61 161
61 248 58 248
139 29 139 26
68 151 71 151
13 235 10 235
9 234 6 234
89 110 87 108
119 69 121 67
102 146 100 148
71 15 73 13
76 186 78 188
112 58 114 56
18 189 20 187
107 79 105 80
80 188 79 186
47 57 48 55
109 78 111 77
22 153 21 155
80 10 78 11
25 239 23 238
79 250 80 248
25 140 26 138
71 33 70 35
38 142 39 144
47 57 48 55
73 74 71 73
37 172 39 171
74 78 72 77
81 190 82 192
94 134 94 136
86 159 88 159
124 24 124 26
128 34 128 36
128 34 128 36
128 34 128 36
134 45 134 47
134 45 134 47
134 45 134 47
53 246 51 246
25 203 25 201
25 203 25 201
25 203 25 201
59 60 61 60
95 191 95 189
92 201 92 203
135 42 135 44
58 34 58 36
87 66 89 66
134 45 134 47
93 197 93 199
119 102 119 100
70 251 72 251
83 160 85 160
91 205 91 207
94 196 94 194
54 32 54 34
56 24 56 26
84 9 83 8
25 236 24 235
78 187 79 188
61 231 62 230
62 26 61 27
67 226 68 225
59 59 58 58
68 224 69 223
119 70 118 71
115 74 114 75
115 74 114 75
115 74 114 75
103 143 102 144
29 240 28 239
29 240 28 239
29 240 28 239
51 140 50 139
101 107 100 106
101 107 100 106
79 228 80 227
55 159 54 158
98 66 99 66
63 191 64 191
38 242 39 242
38 242 39 242
38 242 39 242
105 9 104 9
100 82 99 82
16 225 16 224
42 243 41 243
42 243 41 243
60 28 60 27
78 253 77 253
128 33 127 33
117 37 117 36
19 237 20 237
128 53 128 52
4 233 5 233
35 128 35 129
36 175 35 175
106 117 106 118
127 31 127 30
44 244 45 244
57 52 57 53
76 12 75 12
98 9 99 9
72 163 71 163
128 33 127 33
33 176 32 176
140 24 140 25
78 80 77 80
42 243 41 243
21 238 22 238
109 11 110 11
83 161 82 161
100 82 99 82
77 11 76 11
54 247 55 247
36 114 36 115
68 163 69 163
137 36 137 35
57 160 58 160
61 8 61 7
83 220 83 221
26 200 26 200
105 140 105 140
105 140 105 140
68 240 68 240
107 10 107 10
107 10 107 10
91 204 91 204
91 204 91 204
32 192 32 192
32 192 32 192
30 120 30 120
58 16 58 16
106 120 106 120
12 214 12 214
71 54 71 54
99 150 99 150
58 174 58 174
137 34 137 34
111 75 111 75
32 228 32 228
58 148 58 148
78 76 78 76
66 194 66 194
49 98 49 98
81 224 81 224
72 55 72 55
76 79 76 79
93 138 93 138
21 186 21 186
87 79 87 79
32 177 32 177
58 33 58 33
84 199 84 199
83 194 83 194
41 171 41 171
58 16 58 16
34 121 34 121
56 173 56 173
79 189 79 189
82 92 82 92
82 79 82 79
81 194 81 194
107 62 107 62
66 70 66 70
21 185 21 185
45 100 45 100
77 91 77 91
105 140 105 140
101 8 101 8
53 110 53 110
