88 214
191
9 212 86 212
16 128 87 128
87 129 87 197
3 173 3 199
2 146 2 172
80 90 80 112
81 68 81 89
9 111 9 90
12 53 12 36
26 51 43 51
27 53 14 63
8 73 8 89
53 23 37 23
74 14 63 3
16 14 27 3
7 74 19 82
56 51 69 57
1 131 1 145
15 128 1 128
66 50 78 44
86 198 86 211
38 69 51 69
32 85 45 85
75 27 75 15
4 212 4 200
15 27 15 15
59 67 69 62
23 29 33 24
11 44 21 49
74 35 79 45
48 85 58 85
40 86 50 86
71 33 64 26
61 25 70 22
61 84 70 82
81 61 82 70
42 38 51 38
83 85 83 76
12 116 20 120
78 77 70 81
22 30 28 36
11 41 17 35
67 32 60 36
2 117 1 125
8 67 15 63
52 1 60 2
6 83 5 91
41 13 49 13
55 51 47 51
4 96 4 104
62 25 67 30
7 73 7 80
80 56 80 49
49 12 56 12
10 56 10 49
3 112 3 105
34 12 41 12
65 8 59 11
17 20 23 23
28 25 22 22
16 35 21 31
8 68 9 74
77 60 78 66
32 84 26 84
78 52 78 46
77 59 77 53
32 124 38 124
57 124 51 124
63 35 67 31
41 38 36 37
26 122 21 121
86 104 85 99
55 24 60 25
32 68 37 68
30 2 26 5
52 37 57 37
57 68 52 68
70 21 74 19
70 120 74 118
21 63 25 65
70 120 74 118
65 6 62 3
23 32 26 35
28 10 25 7
9 65 9 61
59 51 63 51
29 52 33 52
82 75 82 71
78 36 78 40
43 50 47 50
35 1 39 1
84 94 84 90
16 46 13 44
22 49 25 50
29 67 26 66
65 122 68 121
87 115 87 112
86 105 86 108
81 57 81 60
59 123 62 123
5 92 5 95
2 116 2 113
5 212 8 212
69 58 69 61
30 11 33 11
86 105 86 108
84 86 84 89
9 57 9 60
77 43 75 45
77 116 75 118
80 74 79 76
79 66 80 68
16 19 18 20
10 112 11 114
28 123 30 123
50 125 48 125
11 46 11 48
17 80 15 80
60 24 58 24
26 83 24 83
16 15 16 13
13 38 13 36
36 24 34 24
87 109 87 111
85 95 85 97
28 123 30 123
65 50 63 50
74 15 74 13
20 59 20 61
43 125 45 125
79 48 79 46
35 37 33 37
73 19 74 18
73 19 74 18
22 82 23 83
9 69 10 68
25 8 26 9
25 8 26 9
15 36 14 37
34 1 33 2
12 78 13 79
73 19 74 18
79 77 80 76
72 33 73 34
79 41 79 42
79 41 79 42
6 81 6 82
6 81 6 82
32 2 31 2
78 115 78 114
50 1 51 1
79 113 79 114
58 11 57 11
68 22 67 22
21 61 21 62
57 52 56 52
11 43 11 42
29 24 30 24
21 82 20 82
40 125 41 125
30 67 31 67
20 48 20 48
20 48 20 48
20 48 20 48
20 48 20 48
20 48 20 48
20 48 20 48
23 30 23 30
23 30 23 30
61 3 61 3
61 3 61 3
75 80 75 80
77 44 77 44
19 81 19 81
19 81 19 81
26 50 26 50
26 50 26 50
26 50 26 50
29 10 29 10
13 43 13 43
77 65 77 65
8 66 8 66
74 36 74 36
28 66 28 66
26 26 26 26
20 48 20 48
68 62 68 62
19 12 19 12
77 38 77 38
20 48 20 48
25 6 25 6
