176 164
138
92 22 165 81
33 120 5 141
93 56 118 76
162 109 141 93
73 41 93 57
8 107 27 92
3 142 23 153
33 69 49 81
134 144 118 153
67 19 67 37
68 3 68 20
65 92 52 82
165 125 151 133
25 155 39 162
116 155 102 162
118 75 130 85
40 162 51 155
52 17 61 8
173 107 175 119
6 120 8 108
53 15 45 23
62 147 54 153
149 134 141 140
38 29 45 22
59 11 66 4
75 145 83 150
86 152 94 157
31 45 31 54
30 53 30 62
32 37 32 46
53 106 60 101
173 106 172 98
90 21 84 16
69 143 63 147
163 110 169 114
47 53 52 48
4 138 4 131
171 88 171 95
113 156 119 153
95 158 101 161
78 11 83 15
39 59 44 55
37 85 42 81
58 44 62 40
75 9 71 5
57 44 53 48
38 28 34 32
68 38 72 41
142 138 138 141
170 115 174 118
167 124 171 121
30 90 34 87
33 33 33 38
68 38 72 41
170 84 170 89
139 141 135 143
70 142 74 144
38 117 41 114
136 89 139 92
64 98 67 95
34 120 37 117
5 126 6 122
27 155 23 154
3 137 3 141
33 70 30 68
33 70 30 68
152 133 149 135
47 110 44 112
33 70 30 68
172 94 172 97
172 94 172 97
172 94 172 97
29 64 29 67
65 38 63 40
65 6 67 4
133 87 131 85
52 106 50 108
63 98 61 100
36 61 34 63
30 157 28 156
67 93 69 94
144 137 146 137
29 61 29 63
49 80 50 81
49 80 50 81
69 4 70 5
38 60 37 61
89 53 88 52
32 65 33 64
32 65 33 64
172 121 173 120
20 152 21 153
166 124 167 123
134 143 133 144
29 91 28 92
45 54 46 53
43 113 42 114
139 91 140 92
65 91 66 92
52 154 53 153
52 83 51 82
35 86 36 86
35 86 36 86
134 88 135 88
49 109 48 109
174 108 174 109
5 127 5 128
123 151 123 151
123 151 123 151
123 151 123 151
174 115 174 115
84 49 84 49
84 49 84 49
22 153 22 153
97 60 97 60
164 110 164 110
91 21 91 21
46 78 46 78
175 114 175 114
168 114 168 114
77 45 77 45
44 80 44 80
36 72 36 72
131 145 131 145
160 108 160 108
18 151 18 151
8 138 8 138
154 132 154 132
154 132 154 132
154 132 154 132
30 66 30 66
45 79 45 79
6 125 6 125
34 159 34 159
109 158 109 158
36 160 36 160
162 126 162 126
23 96 23 96
