176 164
162
36 103 103 157
55 86 80 106
29 67 54 86
162 16 137 3
128 56 108 71
150 73 169 58
131 112 148 98
135 51 151 40
59 12 43 21
41 23 25 32
110 128 99 120
116 157 125 148
174 23 163 17
75 3 64 9
136 90 146 97
2 47 4 59
110 141 110 129
5 48 14 55
124 150 132 142
109 162 109 151
102 20 93 14
13 40 21 34
160 33 152 39
117 16 109 22
139 136 132 143
111 161 118 154
110 142 109 150
170 49 169 57
171 48 171 40
147 103 147 111
172 41 172 33
146 119 146 111
145 119 145 127
119 15 125 11
93 115 87 111
123 81 117 77
4 60 5 67
6 77 6 70
173 27 173 34
15 56 20 60
23 62 28 66
145 6 140 3
81 7 76 4
11 41 6 44
129 85 124 82
20 90 24 94
15 86 19 90
80 105 84 109
30 98 34 102
143 133 139 137
25 94 29 98
98 119 94 116
130 55 134 52
24 33 20 36
144 127 144 132
7 76 7 81
85 9 89 12
132 6 128 9
60 11 64 8
42 22 38 24
112 73 115 76
146 76 149 73
116 124 119 121
141 79 138 82
174 28 174 24
148 99 148 103
5 44 2 46
166 29 163 31
134 85 131 87
108 22 105 22
5 68 5 71
132 87 134 89
132 87 134 89
114 125 112 127
110 161 112 159
143 78 145 76
120 121 122 119
125 117 127 115
167 28 169 26
92 14 90 12
171 25 169 27
135 84 137 82
12 84 14 86
107 160 105 159
16 37 18 37
8 42 10 42
8 42 10 42
137 90 138 91
59 11 58 12
59 11 58 12
59 11 58 12
44 21 43 22
135 89 134 88
116 76 115 75
104 21 103 20
82 7 83 8
75 101 76 102
111 73 112 74
93 116 92 115
123 118 124 117
133 6 134 5
101 121 100 120
12 40 13 39
84 108 85 109
22 61 21 61
135 4 136 4
130 113 129 113
162 32 161 32
109 72 110 72
170 48 170 47
126 10 127 10
126 10 127 10
3 57 3 56
115 125 115 125
129 56 129 56
63 10 63 10
56 13 56 13
71 4 71 4
69 5 69 5
164 17 164 17
149 8 149 8
3 50 3 50
17 57 17 57
144 95 144 95
59 90 59 90
157 14 157 14
4 48 4 48
161 16 161 16
161 16 161 16
55 87 55 87
104 158 104 158
104 158 104 158
147 7 147 7
147 7 147 7
147 7 147 7
147 7 147 7
118 77 118 77
118 77 118 77
118 77 118 77
118 77 118 77
46 20 46 20
46 20 46 20
23 33 23 33
86 110 86 110
158 34 158 34
147 97 147 97
141 93 141 93
141 93 141 93
141 93 141 93
166 61 166 61
128 85 128 85
128 85 128 85
54 14 54 14
147 7 147 7
96 117 96 117
61 11 61 11
159 15 159 15
104 158 104 158
173 24 173 24
154 38 154 38
130 86 130 86
28 31 28 31
