152 176
168
53 94 74 111
22 99 4 111
123 9 141 19
39 140 55 128
76 75 76 94
58 36 74 27
77 113 77 96
112 120 112 135
124 42 136 33
111 150 111 135
99 11 87 19
76 148 65 156
59 62 70 70
41 174 31 166
100 142 110 149
57 37 47 43
75 26 85 20
81 71 90 64
20 156 28 164
12 149 20 157
40 68 40 57
41 69 41 80
112 121 103 127
8 117 16 124
113 3 104 8
146 67 146 57
147 56 147 46
47 54 39 48
58 126 66 121
38 152 39 161
142 100 142 109
148 36 148 45
145 77 145 68
92 63 99 58
144 84 143 92
141 116 140 124
141 116 140 124
4 118 4 126
122 141 128 136
83 143 77 147
106 54 112 50
68 119 74 115
44 172 50 168
30 94 36 90
138 32 144 28
63 158 57 162
113 49 119 45
40 168 41 175
34 139 29 134
5 131 5 124
120 7 114 4
46 44 40 47
26 132 21 128
134 131 129 135
143 93 143 99
6 131 6 137
39 50 39 56
62 158 67 155
62 158 67 155
54 165 49 168
84 142 88 138
86 141 90 137
12 150 8 146
144 21 149 23
91 136 96 138
3 118 2 113
117 145 121 142
7 137 7 142
141 115 141 110
101 57 105 54
52 166 56 163
99 130 95 133
144 78 144 83
42 86 42 81
135 130 139 127
23 99 27 96
46 89 50 92
101 142 97 139
76 74 72 71
149 35 149 30
7 116 3 114
37 89 41 87
78 73 81 70
78 73 81 70
78 73 81 70
73 109 76 112
124 41 121 44
44 173 40 174
38 151 38 147
116 146 113 148
96 133 93 135
55 59 52 57
103 9 100 11
37 143 38 140
39 167 40 164
37 144 37 147
105 126 103 128
105 126 103 128
56 164 58 162
56 164 58 162
20 127 18 125
30 165 28 163
82 143 84 141
55 129 57 127
52 94 54 96
102 128 100 129
45 88 43 87
94 15 92 15
3 119 3 121
77 93 77 95
8 145 8 143
91 137 90 138
121 43 120 44
39 156 38 157
149 25 150 24
99 131 100 130
56 60 57 61
49 92 50 93
75 148 74 149
90 65 91 64
28 134 27 133
69 154 70 153
107 125 108 124
147 26 148 25
50 56 49 55
58 127 59 126
45 89 46 90
69 106 70 107
36 140 35 139
58 127 59 126
146 27 145 27
67 120 66 120
75 114 75 114
69 119 69 119
114 148 114 148
126 10 126 10
78 147 78 147
78 147 78 147
78 147 78 147
137 128 137 128
84 20 84 20
101 128 101 128
101 128 101 128
109 122 109 122
51 167 51 167
102 143 102 143
98 141 98 141
98 141 98 141
98 141 98 141
48 134 48 134
64 157 64 157
87 67 87 67
89 17 89 17
125 139 125 139
65 121 65 121
41 172 41 172
105 145 105 145
36 171 36 171
80 144 80 144
76 114 76 114
97 13 97 13
71 151 71 151
51 57 51 57
77 73 77 73
118 45 118 45
75 114 75 114
86 19 86 19
105 8 105 8
