167 138
47
159 37 61 37
60 3 153 3
2 37 60 37
8 3 59 3
8 74 59 74
109 107 153 107
62 136 106 136
60 107 60 85
61 126 61 105
107 121 107 136
108 107 108 120
59 75 59 87
162 20 164 31
62 135 62 125
163 46 163 55
157 93 157 102
162 54 162 63
160 4 161 12
6 16 7 8
158 86 158 94
159 78 159 86
161 62 161 70
160 70 160 78
164 41 164 48
5 18 5 25
2 36 4 30
163 30 165 36
156 107 156 101
7 64 7 70
6 63 6 57
4 43 4 49
165 37 160 37
4 27 3 31
3 39 3 42
5 53 5 50
161 13 161 15
162 17 162 19
4 26 4 24
163 21 163 23
165 40 165 38
162 14 162 16
161 13 161 15
5 56 5 54
8 5 8 4
6 17 6 18
2 35 2 35
163 29 163 29
