221 231
337
180 136 211 111
181 81 152 103
117 128 95 144
151 55 151 81
138 20 138 44
106 83 128 83
44 127 64 127
94 114 94 132
164 44 182 44
93 113 93 96
33 83 48 76
109 36 125 36
186 78 198 69
166 147 155 156
75 159 64 168
166 28 180 28
20 99 26 87
62 155 49 155
47 217 56 226
28 201 19 192
103 82 92 76
202 40 213 46
62 75 50 75
105 65 96 58
140 48 133 39
38 209 46 217
29 201 37 209
97 41 107 37
161 2 151 6
73 79 63 75
48 167 56 174
99 201 107 194
45 109 36 104
135 80 144 75
49 128 59 128
74 80 80 88
57 189 57 179
152 59 152 69
90 89 83 82
195 9 202 16
34 123 26 118
86 145 92 138
122 66 131 64
122 66 131 64
125 123 132 117
177 72 186 70
83 61 83 70
166 73 175 73
58 198 58 189
60 208 60 217
139 25 143 33
145 47 150 54
83 83 76 78
32 82 26 88
198 61 192 67
3 139 1 131
61 230 68 226
212 106 213 98
203 36 203 28
50 110 58 110
21 116 21 108
82 57 82 65
31 89 31 97
61 218 61 226
139 16 139 24
140 47 140 55
192 21 186 26
84 52 89 46
138 58 132 63
90 46 96 41
29 145 35 150
144 102 138 107
134 116 140 112
140 16 144 10
79 121 85 117
191 8 197 12
18 142 23 147
18 142 23 147
127 179 132 174
36 157 41 162
150 88 149 95
77 219 82 214
91 76 86 71
6 132 11 137
76 101 71 106
24 147 29 152
150 10 150 17
204 22 201 16
77 100 80 94
85 152 90 148
58 172 63 168
199 68 204 64
132 39 126 37
94 51 95 45
115 112 121 112
204 23 204 29
59 208 59 202
120 84 114 84
201 44 201 50
23 130 23 124
215 89 215 83
200 51 200 57
120 67 114 67
22 123 22 117
202 43 202 37
191 7 186 4
112 190 117 187
87 71 84 66
148 37 153 40
35 103 32 98
20 116 15 119
28 143 25 138
88 210 92 206
148 7 144 11
18 192 14 188
175 139 171 143
93 206 97 202
126 179 122 183
89 112 91 107
41 126 36 124
94 52 96 57
126 111 131 109
69 76 74 78
20 109 19 104
64 108 69 107
11 181 10 176
186 42 191 41
20 109 19 104
194 13 194 18
9 173 9 168
9 173 9 168
217 71 217 76
218 70 218 65
218 70 218 65
111 111 106 111
7 124 3 127
84 117 88 114
73 222 69 225
135 172 139 169
144 165 140 168
7 162 7 157
150 82 150 87
142 44 146 47
5 146 5 151
162 1 167 1
145 164 149 161
150 160 154 157
219 64 219 59
9 123 13 120
174 1 179 1
220 58 220 53
154 22 151 18
146 100 148 96
192 40 196 38
209 60 206 63
146 72 149 69
147 106 144 109
81 149 84 146
110 66 106 65
11 183 12 187
137 43 141 43
80 89 80 93
92 107 92 103
216 78 216 82
182 43 186 43
8 163 8 167
56 179 56 175
214 94 214 90
85 52 83 55
85 52 83 55
133 109 136 107
183 27 186 25
188 69 191 67
154 6 151 8
154 6 151 8
27 118 24 116
144 34 147 36
216 55 219 53
33 86 35 83
119 127 122 125
197 37 200 35
183 3 180 2
161 43 158 42
161 43 158 42
162 26 165 27
220 50 217 49
20 105 19 102
69 126 66 126
150 68 150 65
131 82 128 82
66 154 69 154
24 131 24 134
5 132 3 130
109 193 111 191
148 106 150 104
33 155 35 157
98 42 96 44
35 81 37 79
96 107 94 105
12 137 14 139
76 219 74 221
42 162 44 164
76 159 78 157
212 58 210 60
47 167 45 165
92 147 94 145
17 142 15 140
148 8 150 6
30 152 32 154
143 109 141 111
179 136 177 138
89 89 87 87
86 211 84 213
5 132 3 130
119 185 121 183
184 79 182 81
75 123 77 122
216 48 214 47
213 97 214 95
213 97 214 95
138 57 139 55
193 12 192 10
213 57 215 56
134 41 132 40
90 90 91 92
199 58 198 60
159 25 157 24
79 150 77 151
100 108 98 108
111 66 113 66
111 66 113 66
79 85 79 87
211 110 211 108
193 18 193 20
93 135 93 133
93 135 93 133
49 109 47 109
92 95 92 97
157 71 159 71
4 143 4 145
112 112 114 112
65 155 63 155
161 72 163 72
59 199 59 201
6 156 6 154
111 66 113 66
48 154 46 154
61 109 63 109
157 42 156 41
91 93 92 94
149 51 150 52
124 123 123 124
2 127 1 128
38 151 39 152
70 106 71 105
155 23 156 24
145 74 146 73
145 74 146 73
145 74 146 73
193 8 194 9
193 8 194 9
193 8 194 9
148 69 149 68
87 114 88 113
144 101 145 100
39 79 40 78
39 79 40 78
23 114 24 115
23 114 24 115
145 74 146 73
199 14 200 15
134 173 133 174
201 33 200 34
163 43 164 43
163 43 164 43
62 228 62 227
6 152 6 153
6 152 6 153
22 113 23 113
104 110 105 110
185 3 184 3
69 125 70 125
202 32 201 32
182 27 181 27
75 152 74 152
20 102 20 101
32 87 32 88
32 87 32 88
132 81 133 81
154 70 155 70
72 153 71 153
136 41 137 41
160 26 161 26
140 14 140 15
102 109 101 109
43 153 42 153
105 82 106 82
35 124 35 124
35 124 35 124
121 66 121 66
64 76 64 76
108 193 108 193
140 30 140 30
140 30 140 30
86 116 86 116
108 37 108 37
133 117 133 117
150 55 150 55
150 55 150 55
158 25 158 25
76 81 76 81
176 139 176 139
131 63 131 63
29 144 29 144
76 79 76 79
8 123 8 123
95 79 95 79
95 79 95 79
151 19 151 19
14 120 14 120
139 79 139 79
37 125 37 125
205 63 205 63
37 150 37 150
80 76 80 76
108 37 108 37
203 21 203 21
87 210 87 210
83 214 83 214
96 45 96 45
94 55 94 55
24 135 24 135
33 123 33 123
76 123 76 123
103 63 103 63
43 77 43 77
33 82 33 82
