214 203
236
212 93 161 119
41 142 7 124
156 202 122 185
67 69 67 33
113 46 87 46
58 27 36 27
36 13 58 13
38 1 60 1
37 61 59 61
102 174 121 184
170 107 149 107
71 158 89 167
141 67 123 58
122 93 122 73
153 69 173 69
159 155 159 174
158 193 158 174
160 136 160 154
86 86 70 79
149 36 166 36
169 53 153 53
119 100 133 106
19 42 19 27
161 120 161 135
127 42 113 45
181 41 191 51
57 73 69 79
140 109 152 114
78 23 68 31
124 25 133 34
181 67 192 62
28 5 20 14
91 17 103 17
106 32 94 32
123 72 123 60
162 200 172 194
185 186 195 180
196 179 206 173
131 45 123 53
100 173 90 168
193 86 193 75
1 58 1 69
4 104 4 93
2 81 2 70
194 63 194 74
1 58 1 69
5 105 5 116
142 38 133 44
28 25 18 21
12 55 2 51
71 7 79 14
110 31 120 28
52 147 61 152
20 43 20 53
68 73 76 79
3 82 3 92
78 20 69 24
60 12 69 8
168 37 177 39
104 83 95 83
211 119 211 128
209 147 209 138
213 109 213 100
104 47 95 47
70 157 62 153
206 170 207 162
104 17 112 18
152 68 144 68
152 68 144 68
210 129 210 137
157 201 157 193
208 148 208 156
192 87 192 95
212 118 212 110
128 41 133 35
183 46 177 51
49 70 56 73
186 102 191 97
186 102 191 97
78 44 85 45
171 68 178 68
124 51 124 58
106 82 113 82
87 82 94 82
100 92 94 89
34 12 28 9
93 89 87 86
93 89 87 86
192 52 195 58
9 47 15 45
117 99 111 97
104 94 110 96
47 69 41 67
26 61 32 63
18 20 19 14
6 117 6 123
139 109 134 106
139 109 134 106
84 30 79 27
42 142 47 145
119 20 122 25
178 190 173 193
179 190 184 187
183 44 179 40
31 4 36 2
211 91 206 89
1 50 6 48
146 51 141 50
21 54 25 57
88 31 93 31
136 46 140 49
195 59 191 62
174 52 169 52
201 87 205 89
125 50 129 48
17 57 13 55
27 7 30 4
118 20 114 19
22 59 18 58
22 59 18 58
68 4 64 3
27 58 31 59
87 18 91 18
56 26 60 26
33 26 37 26
18 22 18 26
64 60 60 60
143 106 147 106
156 116 153 114
127 99 130 101
38 66 35 64
132 64 129 63
178 105 175 106
68 70 69 73
73 42 76 43
137 104 134 103
32 26 29 25
81 80 84 81
79 18 79 15
79 18 79 15
33 60 36 60
123 54 123 57
132 32 130 30
71 41 69 39
188 49 190 51
180 50 182 48
72 41 70 39
124 96 126 98
184 103 182 104
82 20 80 21
70 6 68 5
143 38 145 37
135 45 135 43
150 52 148 52
118 80 120 80
26 57 24 57
109 31 107 31
109 31 107 31
25 60 23 60
61 2 63 2
194 59 194 57
207 159 207 161
68 39 68 37
87 30 85 30
153 52 151 52
123 95 123 93
65 25 63 25
150 69 152 69
146 37 148 37
63 26 61 26
71 30 72 29
71 30 72 29
48 145 49 146
7 48 8 47
7 48 8 47
7 48 8 47
136 45 137 46
40 67 39 66
121 26 120 27
101 92 102 93
130 40 131 39
69 31 68 32
36 12 35 12
58 12 59 12
116 81 115 81
38 2 37 2
77 79 78 79
141 105 140 105
133 36 133 37
175 51 176 51
207 157 207 158
28 8 28 7
17 44 18 44
68 69 68 68
144 67 143 67
195 61 195 62
78 25 78 26
86 19 85 19
132 34 132 35
181 104 180 104
78 18 78 19
69 7 69 7
69 7 69 7
69 7 69 7
69 7 69 7
118 100 118 100
133 102 133 102
133 102 133 102
119 21 119 21
180 67 180 67
180 67 180 67
79 22 79 22
125 58 125 58
27 24 27 24
78 14 78 14
79 26 79 26
131 102 131 102
131 102 131 102
81 21 81 21
132 38 132 38
132 38 132 38
125 58 125 58
47 14 47 14
132 45 132 45
84 19 84 19
86 81 86 81
122 44 122 44
121 27 121 27
78 43 78 43
118 100 118 100
118 28 118 28
116 30 116 30
21 23 21 23
69 7 69 7
31 25 31 25
136 41 136 41
