248 199
369
33 171 10 127
1 110 20 148
132 126 99 143
198 90 171 104
158 139 185 125
75 156 51 169
65 75 89 63
163 25 140 37
76 155 98 144
36 176 26 156
42 76 64 76
137 38 116 38
133 125 151 115
205 86 222 77
140 149 157 140
115 163 131 154
202 115 186 124
85 179 69 188
86 178 102 170
232 72 247 64
68 189 53 197
166 107 152 114
165 17 176 6
177 58 166 47
187 80 202 80
161 76 155 89
17 126 26 137
27 84 39 77
238 49 246 60
3 108 15 102
86 100 80 88
119 103 132 103
240 82 245 70
14 105 14 118
87 102 87 115
42 144 55 144
96 89 105 98
222 67 213 76
209 63 220 57
143 81 132 86
233 98 238 87
191 6 203 6
162 37 162 25
192 64 204 64
90 65 90 77
42 187 36 177
213 109 223 103
30 121 40 127
151 47 158 56
102 45 94 53
221 23 216 13
73 99 68 89
55 127 65 122
113 164 103 169
208 3 218 8
132 44 142 49
50 170 40 175
160 54 160 43
122 43 112 46
113 39 104 44
191 47 182 42
148 56 150 66
43 128 53 128
55 82 45 82
120 87 130 87
104 111 97 104
220 9 227 16
232 98 224 103
101 64 103 55
78 132 71 138
91 84 92 93
89 76 89 67
161 43 161 34
148 71 144 79
73 110 69 118
216 42 221 35
93 56 90 64
100 94 94 88
166 67 172 73
227 50 221 56
84 122 86 114
24 108 26 116
160 82 159 90
39 177 43 184
112 84 106 79
181 41 176 35
46 189 50 195
70 80 76 84
182 11 188 7
180 12 176 18
118 117 125 118
149 95 154 90
231 40 230 47
199 1 206 2
130 43 123 43
190 1 197 1
222 24 222 31
209 111 203 114
38 142 32 140
179 5 185 3
228 51 229 45
159 58 160 64
49 75 55 75
232 37 232 31
88 107 88 113
185 2 191 2
138 101 143 98
226 75 231 72
77 132 81 128
77 132 81 128
63 85 67 89
150 47 146 43
113 84 118 86
134 152 139 150
231 25 229 20
163 23 165 18
213 10 208 8
227 56 225 61
199 89 204 87
162 60 161 55
175 31 174 26
192 47 197 48
90 78 91 83
61 84 56 83
214 43 210 46
104 54 107 50
19 92 23 89
35 87 39 84
187 63 192 63
90 120 90 125
101 70 101 65
119 102 114 102
198 48 203 48
226 56 228 52
247 65 245 69
30 91 28 95
63 141 59 143
232 39 234 43
81 145 78 148
222 56 225 53
166 45 163 42
42 184 45 187
19 94 16 97
148 110 151 107
92 84 95 87
29 147 32 150
81 145 78 148
81 145 78 148
40 84 44 83
63 77 67 78
161 71 160 67
74 101 74 105
24 103 24 107
136 102 132 102
74 101 74 105
161 64 161 68
38 143 42 143
15 122 15 118
149 71 149 67
50 156 46 156
61 156 57 156
34 87 31 89
25 86 22 88
109 114 106 112
238 86 240 83
20 132 22 135
95 100 93 97
83 142 85 139
187 62 184 61
28 119 27 116
167 106 170 105
157 98 158 95
157 98 158 95
232 29 231 26
52 157 55 157
124 37 127 37
207 63 204 63
175 23 175 20
159 91 159 94
161 75 161 72
66 155 63 155
131 117 134 117
89 114 89 117
134 39 137 39
206 79 203 79
140 41 143 41
41 155 44 155
25 102 25 99
171 10 169 12
171 10 169 12
70 137 68 139
144 113 146 111
144 113 146 111
182 60 184 62
77 85 79 87
145 52 143 50
152 106 154 104
175 8 177 6
109 49 111 47
222 66 224 64
106 78 104 76
70 137 68 139
145 98 147 96
236 46 238 48
16 124 18 126
171 54 170 52
213 11 215 12
163 39 164 41
108 99 106 98
116 117 114 116
30 139 28 138
141 114 139 115
68 119 67 121
171 54 170 52
87 135 86 137
209 77 211 76
21 150 23 150
55 143 57 143
229 50 229 48
89 126 89 128
91 80 91 78
204 47 206 47
52 197 50 197
200 2 202 2
221 34 221 32
74 108 74 106
105 78 104 77
164 64 165 65
164 64 165 65
50 196 49 195
76 149 75 150
228 19 227 18
169 51 168 50
82 125 83 124
82 126 83 125
155 51 154 50
206 7 207 8
71 152 70 153
20 92 19 93
92 82 91 81
95 54 94 55
227 17 226 16
178 58 179 59
66 140 65 141
175 75 174 74
228 19 227 18
158 57 157 56
38 178 39 179
175 32 176 33
143 42 144 43
24 140 23 139
27 145 28 146
44 187 45 188
156 100 157 99
36 152 37 153
155 102 154 103
147 55 146 54
156 100 157 99
160 88 160 87
27 137 28 137
127 118 128 118
111 115 112 115
111 115 112 115
111 115 112 115
235 44 235 45
102 72 102 71
102 72 102 71
102 72 102 71
190 7 189 7
89 130 89 129
88 132 88 133
26 98 26 97
68 79 67 79
183 79 184 79
110 100 111 100
22 136 22 137
177 76 176 76
205 7 204 7
16 100 16 99
174 24 174 25
174 24 174 25
190 7 189 7
103 74 103 75
136 116 137 116
86 102 86 103
235 44 235 45
89 119 89 118
208 46 209 46
223 76 224 76
140 40 139 40
13 111 13 112
113 101 114 101
41 77 42 77
17 97 17 98
60 126 60 126
22 148 22 148
22 148 22 148
22 148 22 148
22 148 22 148
207 47 207 47
209 4 209 4
209 4 209 4
108 49 108 49
6 119 6 119
6 119 6 119
6 119 6 119
24 152 24 152
180 5 180 5
85 95 85 95
15 103 15 103
160 81 160 81
7 121 7 121
180 60 180 60
143 113 143 113
143 113 143 113
31 90 31 90
9 125 9 125
111 101 111 101
92 88 92 88
146 53 146 53
80 89 80 89
31 139 31 139
85 99 85 99
166 18 166 18
22 152 22 152
231 24 231 24
186 79 186 79
230 43 230 43
230 43 230 43
230 43 230 43
163 61 163 61
109 81 109 81
113 40 113 40
85 99 85 99
36 126 36 126
130 117 130 117
29 120 29 120
218 40 218 40
220 18 220 18
66 87 66 87
84 93 84 93
176 34 176 34
163 24 163 24
35 151 35 151
178 14 178 14
69 153 69 153
86 118 86 118
64 78 64 78
160 77 160 77
15 103 15 103
165 45 165 45
163 63 163 63
136 101 136 101
93 95 93 95
213 43 213 43
35 175 35 175
67 154 67 154
158 85 158 85
96 102 96 102
137 40 137 40
209 62 209 62
22 148 22 148
25 154 25 154
219 9 219 9
19 130 19 130
22 148 22 148
34 173 34 173
107 51 107 51
69 139 69 139
