181 161
166
19 80 56 50
24 45 50 23
71 141 49 156
169 108 149 93
130 79 146 91
81 136 97 124
91 49 106 61
3 92 18 80
59 16 72 5
74 19 74 36
75 19 75 3
104 26 116 36
30 151 18 144
18 50 8 58
136 135 126 127
80 41 90 49
22 130 32 123
31 110 41 116
162 127 152 133
49 25 57 17
177 103 179 114
145 59 137 52
65 44 73 37
71 142 79 136
23 105 15 99
104 121 96 126
14 99 6 94
14 106 13 115
117 121 109 117
30 109 23 104
31 151 38 156
118 122 125 127
60 48 66 42
7 68 8 60
5 80 6 72
39 118 33 122
107 118 101 122
56 51 61 46
167 77 162 72
162 73 157 68
132 49 127 44
132 48 137 53
11 130 12 123
17 143 11 140
114 67 119 71
164 126 169 122
154 66 149 62
3 91 4 85
13 116 12 122
176 94 176 100
179 115 174 112
122 41 118 37
171 80 167 76
87 13 83 9
123 41 127 45
92 17 88 13
42 158 38 155
169 123 173 120
178 117 174 120
100 23 96 20
129 78 125 75
107 61 110 64
19 49 22 46
120 71 123 74
20 49 23 46
79 137 82 134
58 17 55 20
176 93 175 89
174 83 175 87
10 139 10 135
44 159 47 157
143 138 146 137
11 134 11 131
177 102 177 99
12 140 12 137
172 80 174 82
94 127 92 129
93 17 95 19
142 139 140 137
111 64 113 66
82 9 80 7
155 67 157 69
16 134 14 136
170 109 172 111
138 136 136 134
26 44 28 42
69 40 71 38
61 15 63 13
16 135 18 133
103 25 101 24
146 60 148 61
174 86 175 88
149 135 151 134
38 118 40 117
76 4 74 4
76 4 74 4
74 139 76 139
90 130 88 130
15 104 14 105
15 104 14 105
31 124 30 125
43 158 42 157
43 158 42 157
176 118 177 117
120 123 119 122
139 137 140 138
129 130 130 131
32 39 33 38
163 126 164 125
176 118 177 117
85 132 84 133
147 136 148 135
67 10 68 9
20 131 19 132
16 51 15 52
21 131 20 132
148 93 147 92
78 5 77 5
78 5 77 5
6 70 6 71
175 92 175 93
175 92 175 93
5 82 5 81
116 121 116 121
4 93 4 93
35 153 35 153
38 34 38 34
15 100 15 100
15 100 15 100
62 148 62 148
11 138 11 138
11 138 11 138
11 138 11 138
11 138 11 138
73 5 73 5
26 107 26 107
178 112 178 112
108 117 108 117
108 117 108 117
152 65 152 65
152 65 152 65
33 153 33 153
33 153 33 153
33 153 33 153
21 145 21 145
112 117 112 117
172 120 172 120
174 119 174 119
174 119 174 119
152 65 152 65
174 119 174 119
19 144 19 144
179 116 179 116
108 117 108 117
23 146 23 146
34 122 34 122
16 142 16 142
11 138 11 138
123 126 123 126
99 123 99 123
23 130 23 130
7 94 7 94
57 150 57 150
126 128 126 128
18 102 18 102
68 144 68 144
