227 231
337
170 212 226 156
125 195 87 157
126 168 153 195
150 219 126 195
86 157 62 133
102 145 125 168
27 100 48 121
193 201 211 183
101 145 84 128
165 230 181 214
28 76 12 60
7 69 1 50
168 209 154 195
49 121 61 133
83 128 71 116
82 105 75 91
26 100 15 89
40 87 29 76
151 219 162 230
208 154 202 168
89 39 89 54
41 88 52 98
192 202 182 213
35 60 24 51
18 27 24 15
122 54 134 60
86 21 88 34
18 41 18 28
134 147 134 160
211 139 220 148
97 116 109 118
147 80 147 92
46 63 58 63
48 1 60 1
105 58 117 58
167 100 176 107
11 60 3 52
99 40 91 32
143 69 135 61
160 94 152 86
83 15 75 7
53 99 61 107
108 48 100 40
30 36 38 44
88 70 96 62
33 7 43 2
28 24 33 14
75 90 75 79
149 142 149 131
146 89 146 100
75 31 75 20
91 113 83 106
62 108 70 115
68 78 58 80
143 113 145 103
52 47 62 45
185 116 175 114
169 177 179 177
116 102 106 102
100 100 92 94
135 75 135 85
81 50 74 57
32 7 25 14
66 43 73 36
87 40 82 48
193 172 200 166
167 188 176 188
167 188 176 188
170 161 179 161
106 52 115 52
164 107 173 107
175 176 184 176
150 143 154 151
198 144 194 152
74 18 69 11
136 109 142 103
208 134 206 126
87 78 89 70
9 73 11 81
28 25 29 33
222 164 226 157
67 3 74 7
199 142 199 134
164 176 172 176
133 90 128 96
126 62 131 68
143 120 148 114
136 135 138 128
186 117 192 121
87 60 93 56
221 166 217 172
78 72 72 76
19 42 23 48
162 116 156 120
149 168 144 163
198 117 203 122
192 122 197 127
136 147 135 140
149 182 144 177
161 94 166 99
167 114 174 114
136 136 136 143
49 80 56 80
77 107 77 100
49 5 56 5
37 75 43 78
121 100 127 97
184 159 190 156
88 87 91 93
159 156 165 159
196 127 198 133
41 45 47 47
22 52 23 58
111 118 117 118
87 85 87 79
146 76 146 82
156 110 151 113
38 9 34 13
81 14 85 18
99 60 95 64
131 127 135 123
79 69 83 65
33 73 29 69
6 46 10 42
225 152 221 148
99 61 104 59
86 40 88 35
12 82 13 87
145 94 144 99
87 30 87 35
88 55 88 60
103 132 108 132
123 61 127 64
201 165 204 161
89 125 93 128
209 152 209 147
107 53 102 53
86 62 82 65
213 181 215 177
126 115 122 117
93 57 97 55
20 48 24 50
193 113 196 116
151 86 148 83
151 86 148 83
142 70 145 73
5 46 2 49
137 121 140 118
150 130 151 126
20 43 19 39
44 62 40 61
61 7 65 8
44 6 48 6
183 108 179 108
64 2 60 2
114 132 118 132
49 2 45 2
164 108 160 108
62 62 58 62
155 152 157 155
26 64 28 67
217 173 215 176
79 113 81 116
82 118 84 121
76 78 77 75
19 44 20 47
169 160 166 159
128 114 131 113
117 101 120 100
68 60 65 60
102 101 105 101
65 61 62 61
76 97 76 100
164 175 161 175
109 133 112 133
117 53 120 53
48 47 51 47
102 54 99 54
134 88 134 85
57 6 60 6
120 131 123 131
210 147 210 144
156 186 154 184
156 186 154 184
140 172 138 170
140 172 138 170
140 172 138 170
143 100 141 102
129 127 127 129
129 127 127 129
40 45 38 43
40 45 38 43
190 182 188 184
95 115 93 113
87 124 85 122
197 176 199 174
138 155 140 157
70 59 72 57
193 153 191 155
192 181 194 179
36 59 38 61
156 186 154 184
132 112 134 110
151 169 153 171
153 123 155 121
68 11 67 9
209 135 208 137
205 126 204 124
141 174 142 176
31 36 30 34
140 124 139 126
112 52 111 50
138 152 139 154
68 11 67 9
142 114 141 116
184 109 186 109
184 109 186 109
163 115 165 115
120 59 118 59
8 70 8 72
88 27 88 29
184 186 182 186
179 187 181 187
135 145 135 147
78 111 78 109
46 79 48 79
210 141 210 143
180 160 182 160
102 131 100 131
133 71 134 72
55 102 54 101
141 122 142 121
81 49 80 50
81 49 80 50
191 112 190 111
125 129 124 130
74 33 73 34
156 173 155 172
78 71 79 70
152 184 151 183
39 9 40 8
158 186 159 187
64 44 65 43
142 160 141 159
136 149 137 150
188 174 187 175
197 115 198 116
72 36 71 37
85 20 84 19
144 162 143 161
24 59 24 60
200 172 200 171
164 188 165 188
68 59 69 59
41 8 42 8
21 50 21 51
21 50 21 51
135 138 135 139
134 73 134 74
134 73 134 74
134 73 134 74
120 54 121 54
209 138 209 139
209 138 209 139
74 19 74 20
76 80 76 79
76 80 76 79
152 124 152 125
190 173 191 173
158 109 159 109
88 37 88 38
185 175 184 175
137 168 137 167
70 77 69 77
150 114 149 114
161 187 162 187
208 152 208 153
104 118 105 118
145 75 145 76
65 3 64 3
178 107 179 107
135 138 135 139
95 129 96 129
119 117 120 117
188 110 187 110
210 138 210 139
74 32 74 32
87 61 87 61
43 3 43 3
43 3 43 3
35 59 35 59
76 92 76 92
189 110 189 110
189 110 189 110
126 97 126 97
126 97 126 97
126 97 126 97
22 48 22 48
97 130 97 130
194 151 194 151
187 184 187 184
41 4 41 4
124 61 124 61
142 102 142 102
187 174 187 174
88 86 88 86
63 44 63 44
184 115 184 115
178 187 178 187
122 116 122 116
206 157 206 157
133 89 133 89
185 185 185 185
19 26 19 26
32 39 32 39
23 55 23 55
101 100 101 100
41 4 41 4
159 174 159 174
35 74 35 74
148 115 148 115
100 117 100 117
25 61 25 61
41 62 41 62
158 155 158 155
189 110 189 110
30 57 30 57
135 163 135 163
87 23 87 23
137 152 137 152
34 41 34 41
129 56 129 56
75 55 75 55
43 3 43 3
158 173 158 173
142 161 142 161
201 170 201 170
