155 181
130
80 32 80 2
92 11 113 28
134 45 114 29
101 104 82 117
62 19 80 33
116 115 116 95
80 138 80 118
79 137 79 156
117 133 117 114
20 79 36 89
141 164 127 172
98 81 110 90
127 140 138 148
62 17 72 9
142 163 153 157
3 68 13 74
150 155 140 149
150 155 140 149
102 143 112 137
32 43 24 51
17 26 9 33
115 179 124 174
101 144 92 149
135 46 143 52
19 55 26 48
81 70 89 75
96 80 88 75
125 139 117 134
65 108 57 103
35 11 42 5
144 71 144 62
152 151 152 142
149 121 149 112
145 72 145 81
40 26 40 17
151 132 151 141
39 25 39 34
41 9 41 18
147 101 147 92
148 102 148 111
150 122 150 131
81 3 88 8
36 40 30 46
13 60 19 54
100 170 93 166
87 162 80 158
109 90 116 94
79 157 86 153
73 8 79 3
76 66 82 70
69 61 75 65
45 7 51 11
110 98 104 102
58 16 63 21
58 16 63 21
58 16 63 21
58 16 63 21
20 24 25 19
59 18 54 13
6 45 6 52
50 98 55 102
70 111 75 115
49 98 44 94
146 91 146 85
38 39 38 33
5 52 5 58
49 47 54 50
43 43 48 46
113 178 108 175
60 55 65 58
19 78 14 75
42 93 37 90
8 64 3 67
27 18 31 14
143 61 143 56
50 11 54 14
55 51 59 54
91 150 87 152
115 95 111 97
88 163 92 165
12 60 9 63
12 60 9 63
89 9 92 12
4 62 3 66
8 37 7 41
7 46 7 42
95 80 98 82
42 42 39 40
102 171 105 173
113 136 116 135
4 58 4 61
153 155 153 152
69 111 67 109
68 60 66 59
44 6 42 7
42 8 42 10
153 156 151 156
146 82 146 84
106 88 105 87
106 88 105 87
18 25 19 24
116 30 117 31
34 12 33 13
66 23 67 24
131 43 132 44
139 148 138 147
101 84 102 85
112 91 111 90
66 109 67 110
125 173 126 173
125 173 126 173
125 173 126 173
125 173 126 173
102 103 103 103
9 35 8 35
8 40 8 41
8 40 8 41
103 86 103 86
74 65 74 65
26 82 26 82
27 84 27 84
121 34 121 34
30 86 30 86
56 102 56 102
85 153 85 153
128 172 128 172
10 73 10 73
47 97 47 97
29 84 29 84
21 79 21 79
