162 140
50
59 32 152 32
112 105 29 105
7 138 78 138
160 66 109 66
58 2 14 2
116 100 152 100
109 138 79 138
59 2 59 31
3 105 28 105
112 97 112 110
111 98 111 85
110 73 110 86
110 121 110 131
157 85 156 94
10 45 10 36
8 65 8 56
111 120 111 111
12 26 12 17
13 7 13 16
6 75 6 84
5 121 6 129
7 66 7 74
157 50 157 42
4 110 4 118
11 27 11 35
9 46 9 53
109 74 109 67
158 49 158 56
158 82 158 76
155 32 155 37
109 132 109 137
160 64 160 69
160 64 160 69
159 75 159 70
159 59 160 63
4 95 4 99
3 110 3 106
155 100 155 96
6 134 6 130
5 86 5 90
7 137 7 134
159 55 159 58
14 6 14 3
5 118 5 120
156 41 156 43
156 36 156 38
157 84 157 83
154 32 153 32
9 55 9 54
156 39 156 40
