245 81
292
155 1 57 1
148 79 50 79
149 79 211 79
156 1 218 1
56 1 2 1
244 53 244 1
3 79 49 79
244 79 212 79
2 2 2 28
2 79 2 55
244 54 244 78
243 1 219 1
63 14 48 6
73 49 73 33
172 49 172 33
29 5 45 5
115 77 130 77
104 58 98 45
234 37 228 24
177 19 188 10
214 77 200 77
191 58 186 47
141 24 146 35
202 5 214 5
11 35 11 47
63 68 69 58
182 68 174 60
41 65 51 60
225 22 215 17
12 48 17 58
7 62 2 52
194 22 204 17
12 34 17 24
138 22 128 17
177 61 184 69
57 53 60 43
28 17 19 22
185 36 185 46
147 36 147 46
136 62 143 55
107 21 116 17
17 72 10 66
17 10 10 16
43 77 34 77
186 34 190 26
45 18 52 23
223 62 229 56
70 21 64 15
234 46 234 38
98 36 98 44
86 43 86 35
90 58 95 64
104 9 98 14
216 77 223 74
223 8 216 5
107 61 114 64
24 63 31 65
230 70 224 74
96 66 101 71
66 65 71 60
176 22 181 17
185 70 191 73
201 64 195 61
8 19 4 24
76 34 76 40
76 34 76 40
76 43 76 49
169 41 169 35
106 9 111 6
106 9 111 6
102 28 99 33
233 14 228 11
106 9 111 6
237 19 240 24
106 9 111 6
106 9 111 6
62 67 58 71
153 61 149 65
92 21 96 17
4 26 2 31
232 50 230 55
146 46 145 51
58 31 59 36
156 27 157 32
159 46 159 41
1 43 1 38
103 25 107 22
53 24 56 28
207 66 212 66
60 13 64 16
38 17 43 17
1 43 1 38
60 42 60 37
237 63 234 67
120 16 125 16
19 60 23 62
116 5 112 7
74 28 70 26
45 77 49 75
157 52 155 56
241 26 243 30
175 26 173 30
132 6 136 8
135 75 139 73
65 18 68 21
52 59 55 56
210 16 214 17
54 73 58 72
54 73 58 72
134 63 130 64
87 50 87 46
158 32 158 36
158 46 158 50
37 16 33 16
108 75 112 75
158 46 158 50
125 66 128 65
54 74 51 75
208 16 205 17
29 76 32 77
240 58 239 61
24 75 21 74
197 7 194 7
243 52 243 49
1 44 1 47
86 47 86 44
29 17 32 17
26 6 29 6
26 6 29 6
116 65 119 65
71 23 73 25
192 58 194 60
192 58 194 60
192 58 194 60
192 58 194 60
192 58 194 60
191 25 193 23
90 24 92 22
102 71 104 73
149 16 147 14
8 63 10 65
224 8 226 10
155 58 153 60
107 60 105 58
147 68 149 66
152 20 150 18
143 71 141 73
153 22 155 24
192 73 194 75
176 58 178 60
174 23 173 25
172 27 171 29
144 52 143 54
141 10 143 11
73 56 72 58
189 10 191 9
173 58 172 56
242 55 242 53
21 8 23 8
184 14 182 14
119 17 117 17
233 47 233 49
121 66 123 66
214 65 216 65
170 49 170 51
204 65 206 65
235 16 234 15
235 16 234 15
235 16 234 15
142 71 141 72
2 50 1 49
55 55 56 54
62 69 61 70
106 73 107 74
103 71 104 72
103 71 104 72
19 23 18 24
70 56 71 55
90 26 89 27
132 76 133 75
102 27 103 26
62 68 63 67
97 15 96 16
233 68 232 69
129 5 130 6
94 18 93 19
94 18 93 19
20 9 19 10
139 23 140 24
26 75 27 76
190 72 189 71
9 18 10 17
178 22 177 23
20 73 19 72
184 68 185 69
226 23 227 24
145 12 146 13
2 50 1 49
68 23 69 24
199 6 200 5
145 70 146 69
235 16 234 15
18 58 19 59
122 4 121 5
174 55 175 56
87 35 87 36
38 65 39 65
75 32 75 31
243 33 243 32
99 34 99 35
88 52 88 53
52 74 51 74
72 32 72 33
57 30 57 29
171 54 171 53
174 53 174 52
71 53 71 52
170 31 170 32
170 31 170 32
126 17 127 17
176 24 176 23
220 63 221 63
2 32 2 33
1 36 1 35
218 64 219 64
197 75 196 75
72 50 72 49
169 47 169 46
88 29 88 30
24 7 23 7
173 50 173 49
89 55 89 56
87 32 87 33
176 59 176 60
71 30 71 29
45 6 46 6
74 54 74 53
243 33 243 32
159 38 159 39
33 66 34 66
75 51 75 50
194 8 193 8
188 11 189 11
226 9 226 9
238 62 238 62
111 76 111 76
69 23 69 23
141 58 141 58
109 7 109 7
89 26 89 26
222 75 222 75
225 61 225 61
156 26 156 26
115 76 115 76
138 8 138 8
40 65 40 65
40 65 40 65
40 65 40 65
40 65 40 65
100 30 100 30
113 76 113 76
70 55 70 55
70 55 70 55
141 9 141 9
17 11 17 11
17 11 17 11
23 74 23 74
23 74 23 74
23 74 23 74
157 29 157 29
222 62 222 62
130 76 130 76
174 30 174 30
59 71 59 71
239 59 239 59
202 64 202 64
109 74 109 74
67 22 67 22
228 10 228 10
216 76 216 76
64 65 64 65
70 55 70 55
70 27 70 27
3 53 3 53
96 65 96 65
113 76 113 76
109 8 109 8
69 59 69 59
135 62 135 62
139 9 139 9
203 65 203 65
186 11 186 11
