163 141
51
93 37 3 37
59 109 145 109
110 3 50 3
110 75 158 75
14 139 59 139
7 3 49 3
155 41 116 41
59 138 59 110
94 37 113 37
161 76 158 93
3 31 3 47
111 27 111 12
4 42 4 56
12 130 12 118
111 65 111 53
11 109 11 120
10 110 10 100
7 82 7 72
112 43 111 52
8 91 8 82
6 16 6 7
155 109 146 109
4 23 4 32
9 100 9 91
5 24 5 15
6 68 5 60
160 67 161 75
110 66 110 74
112 35 112 28
110 11 110 4
155 108 156 102
13 126 13 132
158 57 157 52
157 51 156 47
13 133 14 137
6 69 6 73
5 59 5 55
7 8 7 4
159 61 159 65
156 45 155 42
112 39 112 42
158 58 158 60
157 98 157 100
157 95 157 97
5 52 5 54
161 79 160 78
156 101 156 100
158 95 158 94
159 89 159 90
6 62 6 63
160 84 160 84
