163 141
53
104 32 14 32
96 138 156 138
160 104 104 104
103 104 50 104
53 66 5 66
104 2 149 2
53 138 95 138
8 100 47 100
104 3 104 31
51 93 51 114
52 75 52 92
52 130 52 115
159 99 159 85
151 11 151 23
160 94 160 106
156 59 156 69
153 41 153 31
150 15 150 6
154 41 154 50
158 84 157 76
158 120 157 128
155 51 155 59
2 62 2 69
53 67 53 74
152 25 152 32
3 56 3 63
6 44 7 38
53 131 53 137
5 52 5 46
4 51 4 57
9 32 7 37
3 70 3 75
157 75 157 70
5 86 5 81
7 92 7 97
13 32 8 32
159 112 159 117
160 107 159 111
4 80 4 76
158 89 158 85
149 3 149 6
152 21 152 24
158 77 158 79
158 77 158 79
6 90 6 88
158 119 158 117
157 129 157 131
8 98 8 99
157 133 157 132
6 45 6 46
157 68 157 69
6 87 6 87
7 41 7 41
