246 175
381
15 39 35 29
51 77 29 77
7 91 3 71
157 60 157 41
194 139 212 135
242 62 233 46
17 72 7 59
72 165 56 168
195 30 211 30
208 75 192 75
167 145 152 148
116 90 131 90
195 47 210 47
48 60 61 53
16 70 28 76
94 52 88 40
221 8 209 2
12 85 18 97
22 54 34 60
79 71 79 58
165 29 165 42
80 72 80 85
42 111 54 109
149 149 137 151
129 45 117 45
93 26 102 19
94 79 103 86
224 9 232 17
13 122 15 133
60 31 70 36
38 172 27 174
46 60 35 60
164 43 164 54
134 16 143 21
138 88 147 83
168 31 166 21
22 164 24 174
158 36 158 46
90 71 90 61
119 14 129 14
119 62 129 62
89 50 89 60
78 47 78 57
156 61 156 71
136 16 145 20
54 29 62 34
181 42 173 37
48 170 39 172
67 100 74 94
30 113 21 115
180 84 171 86
234 22 234 31
146 34 146 25
10 111 10 102
66 44 62 52
227 40 219 44
212 29 220 25
165 56 169 64
182 6 190 2
178 15 182 23
151 80 155 72
111 43 104 38
151 24 156 31
128 153 136 151
112 156 104 158
114 98 106 99
57 108 65 107
75 93 79 86
75 105 67 106
230 75 222 76
31 113 39 112
181 84 189 83
141 92 149 91
89 33 89 41
42 28 50 28
102 23 107 17
63 35 66 42
73 165 80 163
170 86 163 88
227 132 234 130
76 60 72 66
144 57 150 53
188 45 195 46
97 160 90 161
244 85 245 78
8 98 9 105
11 113 12 120
100 33 100 26
224 15 221 9
156 45 153 51
224 18 221 24
21 53 18 47
173 10 178 6
173 9 169 14
10 45 14 40
77 44 73 39
9 99 7 93
9 48 7 54
118 14 112 16
180 8 178 14
192 82 198 81
238 73 244 72
117 61 111 61
11 106 11 112
41 106 47 106
37 78 43 78
8 59 8 53
207 1 201 1
233 31 233 37
104 39 101 34
169 32 173 36
186 26 182 22
231 17 233 22
243 63 245 68
227 64 229 59
9 61 8 66
157 89 162 88
93 27 90 31
97 54 101 57
67 70 71 67
215 46 210 46
231 48 231 43
93 77 91 73
131 62 135 60
173 67 170 64
138 42 141 39
230 51 229 55
190 28 194 29
123 154 127 153
199 81 203 80
235 125 234 129
19 41 18 45
204 80 208 79
214 134 218 134
54 169 50 169
182 141 186 141
216 77 220 77
18 148 18 144
1 65 1 61
241 100 241 96
232 74 236 74
84 162 88 162
9 71 9 67
232 38 232 42
243 87 243 91
81 104 77 104
157 33 157 37
10 72 10 76
17 143 17 139
116 97 120 97
125 96 121 96
154 90 150 90
181 142 177 142
215 78 211 78
126 95 130 95
231 36 228 38
224 67 226 64
62 73 65 71
143 38 145 35
24 101 21 99
74 39 71 37
101 56 104 58
180 71 183 73
191 2 194 1
229 39 226 40
214 73 211 74
20 155 19 152
214 73 211 74
29 103 26 102
102 100 99 101
236 121 235 124
108 17 111 16
51 29 54 30
2 67 3 70
21 159 21 162
167 17 167 20
132 89 135 89
55 30 58 30
12 111 12 114
38 28 41 28
36 105 39 105
88 43 88 46
240 101 240 104
7 55 7 58
11 79 11 82
147 31 147 28
187 140 190 140
116 44 113 44
175 68 177 70
20 38 22 36
12 67 10 65
105 18 103 20
11 45 9 47
187 26 189 28
96 53 94 51
151 52 153 50
220 70 222 68
20 38 22 36
147 21 149 23
183 6 181 8
21 38 19 40
145 24 144 22
145 24 144 22
91 31 90 33
136 93 134 94
77 46 76 44
138 60 136 61
179 6 181 5
7 92 8 94
238 110 239 108
111 89 109 88
107 87 105 86
188 74 190 75
229 58 229 56
229 58 229 56
229 58 229 56
172 144 170 144
136 43 134 43
131 61 129 61
100 159 102 159
31 104 33 104
115 156 113 156
20 156 20 158
13 115 13 117
13 115 13 117
6 88 6 90
48 105 50 105
19 149 19 151
94 101 92 101
215 45 217 45
132 44 130 44
237 118 237 116
107 59 105 59
77 59 77 57
83 163 81 163
17 116 19 116
239 105 239 107
57 104 55 104
120 155 118 155
220 133 222 133
166 26 166 28
224 132 226 132
238 113 238 111
82 103 84 103
89 47 89 49
137 93 139 93
87 102 89 102
191 139 193 139
105 100 103 100
172 144 170 144
133 15 131 15
16 136 16 138
131 94 133 94
64 71 66 71
242 94 242 92
117 155 116 156
117 155 116 156
169 33 170 32
169 33 170 32
169 33 170 32
169 33 170 32
19 97 20 98
191 82 190 83
191 82 190 83
142 39 141 40
223 9 224 10
149 81 148 82
151 148 150 149
15 134 16 135
171 35 172 36
142 58 141 59
70 67 71 66
55 109 56 108
40 112 41 111
218 71 219 70
169 13 170 12
186 74 185 73
117 155 116 156
147 22 146 21
8 62 8 63
8 62 8 63
36 29 37 29
176 143 175 143
176 143 175 143
232 34 232 33
230 50 230 49
101 24 101 25
111 60 110 60
11 77 11 78
224 16 224 17
168 16 168 15
216 72 217 72
236 120 236 119
237 115 237 114
12 83 12 84
85 103 86 103
155 89 156 89
155 89 156 89
113 89 114 89
107 18 108 18
197 1 196 1
156 33 156 32
60 74 59 74
59 103 60 103
5 85 5 84
90 102 91 102
53 105 52 105
57 75 56 75
185 44 186 44
8 62 8 63
62 102 63 102
54 76 53 76
173 143 174 143
60 33 60 33
60 33 60 33
27 58 27 58
195 1 195 1
195 1 195 1
195 1 195 1
195 1 195 1
195 1 195 1
195 1 195 1
112 43 112 43
103 21 103 21
103 21 103 21
103 21 103 21
181 7 181 7
183 4 183 4
183 4 183 4
24 33 24 33
110 17 110 17
174 68 174 68
27 75 27 75
150 24 150 24
80 57 80 57
121 155 121 155
99 55 99 55
99 55 99 55
99 55 99 55
16 39 16 39
24 35 24 35
153 26 153 26
152 52 152 52
165 47 165 47
165 47 165 47
113 15 113 15
113 15 113 15
60 73 60 73
179 9 179 9
99 55 99 55
178 70 178 70
185 3 185 3
13 42 13 42
237 73 237 73
115 98 115 98
140 92 140 92
137 42 137 42
20 35 20 35
230 54 230 54
8 49 8 49
180 42 180 42
183 4 183 4
66 100 66 100
191 46 191 46
213 135 213 135
103 21 103 21
66 106 66 106
29 76 29 76
144 58 144 58
144 58 144 58
219 133 219 133
220 8 220 8
136 88 136 88
195 1 195 1
242 95 242 95
242 95 242 95
95 24 95 24
27 58 27 58
108 60 108 60
160 32 160 32
228 14 228 14
