189 161
174
74 134 113 103
42 69 10 45
48 154 74 133
112 70 90 87
89 87 67 104
42 122 63 107
115 104 135 120
131 80 149 92
6 99 22 112
113 102 113 86
114 85 114 69
37 124 25 114
170 112 181 102
39 143 39 131
28 147 36 155
28 148 20 140
12 133 20 141
110 21 119 27
161 53 152 47
160 120 153 127
171 59 179 64
68 9 76 4
12 89 4 94
92 10 84 5
121 28 129 33
47 22 55 17
21 83 13 88
182 90 182 99
148 45 141 40
109 21 102 16
153 101 152 109
32 31 39 27
170 58 163 54
40 150 40 142
151 118 151 110
26 80 32 75
163 118 169 113
120 73 126 77
24 36 18 40
176 78 181 73
36 154 41 159
142 124 147 129
134 118 139 123
3 103 2 96
143 126 138 121
156 94 161 89
150 118 150 125
13 73 13 66
11 57 11 50
12 58 12 65
130 34 136 37
42 158 47 154
62 13 67 9
25 36 30 32
168 84 163 88
185 80 183 86
155 94 153 100
186 74 184 80
4 106 4 112
38 126 38 132
181 101 181 95
98 14 93 11
148 92 153 95
162 89 158 93
8 130 12 134
40 151 41 156
6 119 6 124
173 80 169 83
149 130 149 125
186 73 186 68
185 68 181 65
5 113 5 118
44 24 40 26
150 129 146 127
37 72 41 70
183 89 183 93
119 72 116 70
38 125 41 123
22 82 25 80
17 41 14 42
14 43 11 44
14 74 14 77
59 14 57 16
183 72 181 74
149 45 151 47
108 108 110 106
61 13 59 15
64 106 66 104
79 2 77 3
34 74 36 73
34 74 36 73
3 97 3 95
3 97 3 95
187 71 187 69
152 102 152 104
7 126 7 128
184 88 184 86
10 49 10 47
34 122 35 123
34 122 35 123
162 119 161 120
174 79 175 78
146 91 145 90
151 128 152 127
156 93 157 92
156 93 157 92
4 95 5 94
114 104 115 105
114 104 115 105
4 97 5 98
130 115 131 116
139 39 140 40
14 79 15 80
130 80 129 79
33 75 32 76
184 71 185 70
164 88 165 87
162 119 161 120
7 99 8 100
137 38 138 39
31 32 30 33
34 122 35 123
99 14 100 15
180 102 180 101
153 97 153 98
23 113 24 113
183 88 183 87
128 78 127 78
41 153 41 152
185 75 185 74
3 104 3 105
152 111 152 110
9 101 9 101
9 101 9 101
115 70 115 70
185 79 185 79
43 24 43 24
7 93 7 93
20 52 20 52
184 81 184 81
11 89 11 89
11 89 11 89
101 16 101 16
101 16 101 16
101 16 101 16
101 16 101 16
136 84 136 84
109 73 109 73
97 82 97 82
105 76 105 76
121 73 121 73
82 93 82 93
40 67 40 67
32 61 32 61
83 126 83 126
14 88 14 88
184 85 184 85
101 16 101 16
133 82 133 82
100 114 100 114
185 71 185 71
28 58 28 58
88 122 88 122
75 4 75 4
10 46 10 46
20 52 20 52
38 72 38 72
12 46 12 46
119 108 119 108
115 70 115 70
7 125 7 125
142 88 142 88
86 90 86 90
162 53 162 53
