148 164
124
7 107 30 89
107 95 107 71
33 120 16 133
106 49 106 70
68 134 68 114
69 95 69 115
105 20 105 39
38 162 22 153
3 142 16 132
38 76 38 61
17 150 4 143
37 118 48 109
144 121 144 107
140 70 140 84
145 130 145 116
143 98 143 111
137 56 137 43
139 74 139 61
141 93 141 80
138 65 138 52
142 102 142 89
125 21 135 29
104 19 104 7
108 96 108 108
136 34 136 46
96 153 106 159
112 10 103 3
92 12 100 5
135 126 143 132
146 135 146 125
48 110 56 104
115 13 123 19
76 24 84 18
125 120 133 125
76 129 84 124
41 160 49 155
126 147 134 142
84 145 76 140
68 143 60 148
87 147 95 152
65 98 57 103
50 45 57 39
39 53 39 62
5 129 5 120
4 128 4 137
47 47 40 52
104 110 97 115
75 139 68 135
105 40 106 48
37 76 37 84
53 153 59 149
120 116 114 112
90 120 96 116
68 30 74 26
59 38 64 33
87 16 92 11
135 37 135 30
6 120 6 114
121 117 126 120
144 136 139 139
74 130 70 134
63 98 68 96
117 14 113 11
118 152 122 149
73 132 77 129
3 141 3 136
85 123 89 121
88 14 85 17
37 117 34 120
67 31 64 34
6 113 7 109
121 18 124 20
121 18 124 20
121 18 124 20
104 111 107 109
104 111 107 109
113 155 116 153
142 132 145 134
110 157 107 158
135 141 138 140
21 152 18 151
51 154 53 152
51 154 53 152
71 132 69 134
126 21 128 23
111 10 109 8
138 129 140 131
60 36 58 38
33 87 31 89
48 46 50 44
123 149 125 148
34 86 36 85
75 25 73 26
144 132 145 133
144 132 145 133
32 87 31 88
112 110 113 111
83 18 82 19
52 106 51 107
132 125 133 126
69 30 68 31
111 156 112 155
111 110 112 111
136 128 135 127
101 5 102 4
144 132 145 133
55 40 54 41
109 109 110 109
70 142 69 142
86 146 85 146
114 11 114 11
86 123 86 123
94 152 94 152
94 152 94 152
10 136 10 136
55 104 55 104
55 104 55 104
16 150 16 150
16 150 16 150
7 112 7 112
27 91 27 91
114 11 114 11
77 140 77 140
105 5 105 5
