233 187
297
173 27 200 27
106 86 80 92
203 62 179 68
132 77 109 77
128 41 107 41
39 94 60 94
89 68 89 48
16 88 30 102
1 74 15 88
86 81 86 62
153 47 153 66
176 62 195 62
88 28 88 47
88 33 103 40
136 14 149 24
154 30 154 46
85 45 85 61
44 25 59 25
169 147 183 144
60 97 74 94
10 153 19 164
53 41 39 41
68 38 55 41
28 174 36 184
55 182 43 185
16 49 27 54
38 167 38 179
36 155 36 143
56 57 44 57
149 36 138 40
208 9 216 17
207 7 197 2
222 49 232 54
218 59 207 61
150 70 140 75
17 65 17 76
115 27 126 27
231 88 231 77
229 112 229 101
215 42 215 31
34 120 34 131
230 89 230 100
228 113 228 124
232 76 232 65
35 143 35 132
37 156 37 167
27 173 20 165
112 13 102 15
35 103 45 101
113 12 123 12
72 91 63 93
19 39 26 33
95 170 86 172
3 101 3 92
3 101 3 92
182 14 191 14
214 43 214 52
161 24 169 26
194 140 202 138
202 26 210 24
124 12 132 13
137 40 129 41
216 22 215 30
6 124 7 132
161 23 154 19
204 60 211 56
15 48 16 56
32 104 33 112
2 91 2 83
5 119 5 111
4 110 4 102
8 139 8 147
67 38 73 33
109 85 116 83
165 5 159 9
73 32 68 27
96 21 101 16
194 13 201 12
35 56 42 57
62 56 55 56
175 13 182 13
16 57 16 64
221 132 227 129
135 25 141 22
94 72 100 75
85 42 82 48
18 40 15 46
100 22 106 25
184 143 190 141
33 28 39 26
140 156 146 154
29 38 35 40
153 18 155 12
107 166 101 168
120 162 126 160
33 113 33 119
195 1 189 1
18 77 18 83
127 26 133 26
114 26 108 26
190 28 184 28
164 5 169 2
27 91 22 88
75 90 80 87
29 30 26 35
216 20 211 23
85 41 81 37
75 176 80 174
68 28 63 26
139 156 134 158
130 80 135 79
60 180 65 179
37 185 42 186
168 71 173 70
93 23 89 26
39 179 39 184
7 138 7 133
164 8 168 11
85 82 82 86
27 55 32 55
1 77 1 82
78 50 74 53
149 35 153 33
151 25 153 29
74 52 70 54
164 149 168 147
203 11 206 8
213 13 216 16
127 160 131 159
127 160 131 159
164 59 160 58
164 59 160 58
148 76 152 75
159 150 163 149
65 55 69 54
68 178 72 177
14 71 10 72
212 135 208 136
55 98 59 97
141 78 137 78
196 61 200 61
124 81 128 81
213 54 213 50
169 60 165 60
9 148 9 152
33 93 37 93
154 74 158 74
99 17 99 21
99 17 99 21
141 78 137 78
170 61 174 61
171 12 168 10
155 13 158 11
154 53 156 56
81 49 78 51
81 174 84 173
32 92 29 91
218 133 215 134
49 100 52 99
218 47 221 48
164 72 167 71
105 76 102 75
227 125 227 128
227 125 227 128
43 26 40 26
216 18 216 21
59 181 56 181
151 152 154 152
104 40 107 40
119 42 122 42
177 1 174 1
177 1 174 1
115 163 118 163
142 77 145 77
170 26 173 26
20 39 18 41
32 28 30 30
90 68 92 70
21 87 19 85
90 69 92 71
27 35 28 37
110 165 112 164
90 26 89 28
6 73 8 72
136 76 138 75
215 19 215 17
153 30 153 32
62 55 64 55
225 57 223 57
142 19 142 21
161 73 159 73
6 120 6 122
174 12 172 12
205 137 203 137
119 83 117 83
193 13 191 13
75 93 77 93
191 141 193 141
48 100 46 100
228 56 230 56
178 69 176 69
62 55 64 55
204 62 206 62
60 26 62 26
203 60 201 60
215 19 215 17
219 58 221 58
162 73 163 72
71 36 72 35
94 22 95 21
81 38 80 37
157 11 158 10
151 69 152 68
80 49 81 48
54 98 53 99
212 23 211 24
83 40 84 41
71 36 72 35
157 151 158 150
99 168 98 169
78 93 79 92
67 178 66 178
67 178 66 178
67 178 66 178
67 178 66 178
5 73 4 73
121 82 120 82
172 1 173 1
32 56 33 56
32 56 33 56
36 40 37 40
231 55 232 55
19 83 19 84
153 14 153 15
206 136 207 136
107 76 108 76
133 158 132 158
170 2 171 2
152 67 152 66
135 14 134 14
149 153 150 153
123 82 122 82
146 76 147 76
134 25 133 25
201 26 200 26
172 1 173 1
114 164 113 164
114 164 113 164
213 134 214 134
67 178 66 178
97 169 96 169
156 151 155 151
37 41 38 41
67 178 66 178
73 176 74 176
67 178 66 178
202 3 202 3
136 79 136 79
202 11 202 11
68 55 68 55
159 23 159 23
159 23 159 23
143 20 143 20
27 31 27 31
30 29 30 29
142 39 142 39
142 39 142 39
95 73 95 73
214 22 214 22
73 90 73 90
73 90 73 90
226 57 226 57
92 36 92 36
210 56 210 56
20 52 20 52
81 86 81 86
37 57 37 57
94 37 94 37
139 40 139 40
34 27 34 27
9 72 9 72
134 13 134 13
154 54 154 54
142 17 142 17
154 18 154 18
155 19 155 19
208 8 208 8
139 15 139 15
147 36 147 36
15 71 15 71
198 12 198 12
39 56 39 56
39 56 39 56
136 79 136 79
205 26 205 26
204 4 204 4
100 16 100 16
