234 188
289
86 76 127 87
35 28 60 28
173 95 197 95
3 57 26 63
102 78 125 78
125 42 102 42
202 106 217 91
37 14 58 14
173 98 193 103
177 42 197 42
232 77 218 91
178 58 197 58
146 48 146 67
104 13 123 13
149 43 149 61
81 67 81 49
80 31 80 48
93 17 81 29
41 63 57 63
43 1 59 1
148 62 148 78
1 56 15 49
19 43 19 28
199 144 199 159
127 41 141 38
27 8 18 19
198 173 198 159
147 47 147 34
197 174 197 187
88 155 76 152
165 29 177 26
174 181 162 178
147 92 159 94
110 162 121 165
150 42 158 34
81 16 73 8
143 71 133 76
80 55 70 60
218 53 218 64
4 100 4 89
5 112 5 101
3 77 3 88
6 113 6 124
217 76 217 65
131 25 121 27
228 126 228 136
229 115 229 125
185 185 194 187
207 92 198 94
202 110 201 119
187 26 178 26
227 137 227 146
200 144 200 135
2 67 2 76
187 26 178 26
232 93 232 84
199 28 207 32
156 52 150 46
217 165 211 171
143 26 137 20
60 2 68 4
24 25 32 27
79 75 71 73
200 134 201 126
79 21 72 25
231 101 230 109
196 27 188 26
216 85 216 77
88 74 82 69
147 33 144 26
144 172 151 174
168 56 175 57
18 27 19 20
219 72 226 73
222 159 217 164
65 27 58 27
233 83 233 76
81 30 84 36
20 51 23 57
216 41 219 47
129 15 135 18
28 9 33 13
203 181 207 176
149 84 154 88
97 41 91 39
168 39 174 41
103 27 97 25
143 172 137 170
208 55 202 57
65 148 59 147
114 28 120 27
178 183 184 184
7 125 7 131
150 41 150 47
231 100 231 94
201 57 195 57
58 62 64 62
20 50 20 44
219 49 214 52
133 24 136 19
142 37 146 33
91 20 95 16
49 144 44 142
49 144 44 142
127 167 122 165
148 79 150 84
85 76 80 75
133 88 128 87
93 157 98 158
34 62 39 62
226 154 226 149
201 125 201 120
1 59 1 64
145 64 145 69
92 22 96 25
28 60 24 57
109 27 104 27
161 33 164 29
37 2 42 2
70 6 68 10
162 54 166 56
157 52 161 54
151 48 154 51
208 175 211 172
222 158 225 155
209 34 212 37
215 53 211 54
27 137 23 136
57 70 61 71
27 63 31 64
136 170 132 169
231 74 227 73
37 65 41 66
201 40 205 39
43 142 39 141
9 132 13 133
140 90 144 91
67 11 63 12
50 144 54 145
71 25 67 26
180 57 176 57
102 41 98 41
130 77 126 77
130 77 126 77
127 14 123 14
101 77 97 77
104 14 100 14
104 14 100 14
208 37 208 33
230 110 230 114
201 41 197 41
62 13 58 13
167 39 164 37
213 37 215 40
28 8 30 5
85 36 88 38
163 37 162 34
92 75 89 74
17 134 14 133
93 76 96 76
110 28 113 28
34 13 37 13
46 67 43 67
65 149 68 149
92 156 89 156
169 94 172 94
18 135 21 135
54 69 51 69
20 15 18 17
200 185 198 187
78 21 80 19
81 28 83 26
200 184 202 182
79 13 81 15
210 55 208 56
215 86 214 88
157 90 155 89
65 61 67 61
65 61 67 61
167 93 165 93
208 91 210 91
154 175 152 175
167 96 165 96
66 71 64 71
103 160 105 160
202 107 202 109
177 182 175 182
81 17 81 19
18 20 18 22
34 139 32 139
49 68 47 68
169 97 171 97
22 24 24 24
175 41 177 41
36 140 38 140
36 27 34 27
138 89 136 89
197 104 199 104
70 72 68 72
69 150 71 150
157 176 155 176
65 61 67 61
160 95 162 95
194 103 196 103
100 159 102 159
207 33 206 32
160 33 159 34
161 32 162 33
198 28 197 27
135 19 134 18
97 15 96 16
33 4 34 3
108 161 109 162
31 5 30 6
55 145 56 146
71 7 72 8
162 92 161 91
207 33 206 32
134 88 135 89
133 23 132 24
82 68 82 67
82 68 82 67
207 37 207 38
92 20 92 21
21 51 21 52
146 91 145 91
212 89 213 89
69 5 70 5
66 26 65 26
130 168 131 168
22 23 21 23
35 3 36 3
159 177 160 177
160 91 159 91
31 138 30 138
219 51 219 52
34 64 33 64
55 70 56 70
107 161 106 161
73 151 74 151
32 61 31 61
29 60 30 60
98 15 99 15
2 66 2 65
218 49 218 48
36 65 35 65
226 147 226 148
28 138 29 138
57 146 58 146
35 140 35 140
204 40 204 40
152 87 152 87
147 30 147 30
87 38 87 38
20 46 20 46
70 9 70 9
70 9 70 9
163 95 163 95
69 60 69 60
32 64 32 64
172 98 172 98
163 92 163 92
166 55 166 55
216 52 216 52
156 51 156 51
131 76 131 76
20 22 20 22
50 68 50 68
211 90 211 90
164 96 164 96
128 15 128 15
28 10 28 10
146 32 146 32
200 129 200 129
161 177 161 177
125 41 125 41
219 44 219 44
33 12 33 12
158 52 158 52
92 40 92 40
72 150 72 150
80 20 80 20
146 28 146 28
172 56 172 56
202 56 202 56
163 95 163 95
22 136 22 136
138 38 138 38
140 37 140 37
