255 140
383
218 88 165 101
219 87 252 79
100 119 69 127
164 102 139 108
34 137 56 131
53 56 71 64
193 81 209 84
247 56 247 40
38 128 54 128
120 106 136 106
175 40 175 56
151 41 161 53
172 42 172 57
203 9 189 12
187 78 177 68
38 56 52 56
28 111 40 117
28 74 40 68
68 121 57 127
2 66 5 78
153 22 141 25
136 34 124 34
82 86 82 98
178 29 186 21
207 23 218 23
207 72 218 72
114 103 105 98
74 69 79 78
58 47 48 49
167 18 177 16
128 111 138 109
12 102 14 112
214 6 204 8
117 92 109 86
213 12 203 12
19 67 27 61
153 65 153 75
113 50 122 46
22 104 20 95
241 69 235 76
67 84 69 93
50 117 41 117
50 68 41 68
188 52 188 43
92 76 92 67
148 85 152 77
110 53 106 61
143 90 135 94
96 85 100 93
64 107 68 99
233 33 227 27
31 54 23 56
20 133 18 125
20 133 18 125
10 96 8 88
209 11 217 12
237 42 237 50
219 84 211 84
237 42 237 50
225 69 231 64
189 41 192 34
189 55 192 62
237 51 235 58
103 36 110 34
140 48 133 46
22 81 20 88
7 60 14 58
56 114 62 110
62 75 56 71
18 116 23 121
118 31 125 30
248 53 248 46
11 98 11 105
70 65 74 70
238 15 240 21
242 28 244 34
113 115 119 114
164 64 165 70
105 62 104 68
176 56 177 62
164 79 164 73
104 69 104 75
80 42 74 42
228 80 233 77
144 37 149 40
187 75 190 80
30 125 25 122
189 19 194 16
147 53 150 58
27 110 23 106
27 75 23 79
142 49 146 53
73 116 69 120
239 24 235 20
192 33 196 29
155 94 159 90
107 40 103 44
66 80 62 76
201 69 206 71
223 3 218 5
224 69 219 71
177 35 179 30
237 9 238 14
105 76 106 81
249 55 250 60
121 113 126 112
25 139 30 138
131 45 126 45
81 81 81 86
126 95 131 95
81 98 81 103
76 68 79 72
20 94 20 89
85 89 85 94
108 117 103 117
150 59 152 63
13 77 11 81
222 83 226 81
226 15 222 13
228 16 232 18
100 47 97 50
147 86 144 89
183 25 180 28
73 117 76 114
99 49 102 46
200 69 197 66
51 116 55 115
69 94 68 98
78 109 77 113
161 20 157 21
51 69 55 70
63 129 59 130
131 28 127 29
206 24 202 25
80 103 81 107
39 57 35 57
125 94 121 94
100 118 104 118
235 37 233 34
226 27 223 25
233 62 234 59
42 51 39 52
240 22 241 25
21 137 20 134
68 44 71 43
63 59 60 58
136 35 139 35
6 79 6 82
6 79 6 82
165 72 165 75
6 79 6 82
165 72 165 75
165 72 165 75
252 68 252 65
9 94 9 97
117 104 114 104
117 104 114 104
96 37 99 37
96 37 99 37
83 103 83 100
163 79 163 82
174 46 174 49
136 105 139 105
220 83 217 83
246 40 246 37
85 40 88 40
254 76 254 73
236 8 236 5
15 112 15 115
165 72 165 75
188 13 185 13
137 26 140 26
18 57 21 57
176 37 176 40
84 41 81 41
84 95 84 98
16 119 16 116
112 116 109 116
111 53 113 51
108 40 110 38
233 19 235 21
177 31 175 33
186 75 184 73
96 53 98 51
196 66 194 64
16 113 18 115
155 95 153 97
181 69 183 71
16 71 18 69
239 25 241 27
198 28 200 26
75 113 73 115
144 103 146 101
102 94 100 92
161 87 159 89
28 61 30 59
15 73 14 75
148 100 150 99
67 61 65 60
80 108 78 107
76 112 75 114
175 35 174 37
62 109 64 108
66 81 67 83
243 65 242 67
15 73 14 75
175 64 176 66
81 76 80 74
236 41 236 39
198 83 200 83
198 83 200 83
12 108 12 106
65 45 63 45
65 45 63 45
132 94 134 94
8 87 10 87
117 32 115 32
226 2 228 2
134 27 136 27
245 36 245 34
221 24 219 24
7 84 7 86
17 58 15 58
253 70 253 72
4 61 6 61
45 50 47 50
17 120 17 122
66 128 68 128
102 36 100 36
10 100 10 102
113 33 111 33
38 127 36 127
60 46 62 46
12 108 12 106
95 38 93 38
180 15 178 15
31 137 33 137
184 14 182 14
215 5 217 5
180 66 179 65
73 65 72 64
32 54 33 53
110 39 109 40
190 78 191 79
151 99 152 98
180 67 179 66
194 63 193 62
246 59 245 60
10 84 11 83
141 36 142 37
83 82 84 83
70 63 69 62
96 55 95 56
103 96 104 97
101 95 102 96
22 139 21 138
161 55 162 56
161 55 162 56
65 128 64 129
65 128 64 129
17 123 18 124
147 102 148 101
147 102 148 101
194 80 193 79
43 51 44 50
184 72 185 73
102 44 101 45
113 37 114 36
244 63 245 62
243 30 242 31
26 62 25 63
197 14 196 15
80 81 80 80
80 81 80 80
231 1 230 1
219 12 219 13
163 58 163 59
10 97 10 98
232 63 232 62
111 38 112 38
94 58 94 59
116 36 117 36
164 61 164 62
203 84 204 84
93 61 93 62
163 19 164 19
152 76 152 75
189 53 189 54
152 64 152 65
246 57 246 56
141 104 142 104
33 126 32 126
174 61 174 62
94 81 94 82
119 105 120 105
1 62 2 62
178 63 178 62
32 58 33 58
47 129 46 129
251 63 251 62
95 84 95 85
165 19 166 19
124 46 123 46
36 53 35 53
203 13 202 13
173 59 173 58
92 64 92 65
66 44 67 44
119 35 120 35
119 93 120 93
93 79 93 78
91 39 90 39
37 52 38 52
230 78 230 78
57 114 57 114
57 114 57 114
57 114 57 114
196 82 196 82
196 82 196 82
132 46 132 46
7 83 7 83
7 83 7 83
142 103 142 103
58 57 58 57
58 57 58 57
58 57 58 57
160 53 160 53
13 75 13 75
13 75 13 75
93 76 93 76
189 42 189 42
139 104 139 104
93 59 93 59
93 81 93 81
244 32 244 32
244 32 244 32
142 36 142 36
160 87 160 87
222 25 222 25
23 105 23 105
35 58 35 58
92 38 92 38
162 58 162 58
73 67 73 67
77 110 77 110
238 73 238 73
181 15 181 15
133 27 133 27
97 90 97 90
35 127 35 127
75 66 75 66
82 104 82 104
114 33 114 33
28 123 28 123
146 39 146 39
232 77 232 77
197 29 197 29
139 104 139 104
250 61 250 61
3 61 3 61
178 34 178 34
113 90 113 90
201 26 201 26
150 41 150 41
120 34 120 34
160 53 160 53
23 80 23 80
241 26 241 26
148 40 148 40
25 78 25 78
57 71 57 71
55 127 55 127
235 4 235 4
235 3 235 3
59 46 59 46
200 13 200 13
162 84 162 84
57 114 57 114
199 14 199 14
122 34 122 34
85 88 85 88
163 61 163 61
190 77 190 77
