185 246
303
59 118 35 87
144 230 113 245
92 116 92 150
91 162 111 187
124 186 151 173
113 229 113 200
16 62 33 85
175 214 154 225
184 157 164 167
80 19 80 41
57 43 37 43
79 146 91 161
16 20 16 39
102 235 92 221
122 145 139 145
103 47 116 56
120 63 120 78
118 92 133 92
34 139 25 127
2 44 10 55
74 195 82 206
39 2 27 8
92 115 98 103
46 28 59 26
125 127 138 127
92 91 79 91
135 173 122 173
52 77 52 90
24 9 16 19
66 48 62 60
72 36 61 42
73 10 62 4
165 112 158 102
92 74 80 74
166 126 166 114
112 232 112 244
113 123 124 127
147 143 157 137
147 143 157 137
25 39 17 31
53 76 61 84
113 94 103 99
110 98 120 93
157 162 162 152
51 76 51 65
4 41 14 37
109 62 102 70
52 1 62 3
158 136 164 128
72 192 66 184
53 91 53 101
81 43 91 43
41 1 51 1
60 25 68 19
165 125 165 135
61 51 54 58
37 42 28 40
73 9 79 16
119 88 119 79
164 145 164 136
148 122 140 126
97 131 93 123
54 103 59 110
102 47 94 44
20 60 26 66
147 97 153 103
134 92 142 94
180 188 181 180
159 169 152 173
105 105 105 113
17 40 17 48
26 11 26 19
154 115 149 121
66 128 71 134
78 73 71 71
98 161 94 155
52 164 48 158
60 175 64 181
59 174 55 168
43 151 47 157
103 236 107 242
119 74 115 80
19 118 23 124
74 118 81 119
175 146 180 151
103 137 98 132
114 199 114 192
5 73 5 80
4 65 4 72
2 49 2 56
15 29 15 22
7 96 7 89
3 57 3 64
83 119 90 119
6 81 6 88
30 23 36 26
30 23 36 26
101 70 95 73
15 61 11 56
102 99 98 104
153 104 155 110
71 47 76 44
118 189 123 186
32 69 27 66
109 99 106 104
73 35 77 31
103 48 107 52
117 57 119 62
76 90 71 88
148 228 153 226
64 65 63 60
148 96 143 95
18 54 18 49
182 173 182 178
176 206 176 211
109 56 109 61
8 97 8 102
172 142 169 138
103 165 107 168
112 83 115 79
113 53 109 50
178 200 178 195
104 137 108 140
44 44 49 44
66 67 70 70
69 16 69 11
54 76 52 72
108 118 106 114
90 217 87 214
63 123 60 120
74 140 77 143
82 207 85 210
82 207 85 210
37 143 34 140
60 110 63 113
183 155 180 152
156 163 153 166
66 127 63 124
109 84 106 87
79 26 78 30
112 170 116 171
136 172 140 172
163 146 163 150
183 168 183 172
179 194 179 190
43 72 47 72
37 71 41 71
177 201 177 205
1 44 1 48
96 90 92 90
136 172 140 172
117 144 121 144
69 48 66 50
52 62 54 59
42 150 40 147
62 84 65 86
27 9 30 7
150 167 147 169
163 167 160 169
16 114 18 117
154 114 155 111
154 114 155 111
154 114 155 111
25 38 28 39
145 143 142 144
42 27 45 28
67 48 70 47
119 75 119 72
149 98 152 98
19 58 19 55
93 151 93 154
77 44 80 44
118 172 121 172
29 22 27 20
157 102 155 100
104 88 106 86
173 143 175 145
13 110 15 112
113 190 111 188
101 164 99 162
57 54 55 56
68 9 66 7
11 107 13 109
64 50 62 51
64 50 62 51
111 121 110 119
18 31 17 29
53 165 54 167
109 85 111 84
109 245 108 243
164 112 165 114
67 87 69 88
149 96 151 97
48 72 50 72
48 72 50 72
34 70 36 70
34 70 36 70
59 42 57 42
72 193 72 191
93 120 93 122
80 90 78 90
110 141 112 141
116 143 118 143
79 19 79 17
184 162 184 164
59 42 57 42
115 93 117 93
52 63 52 65
112 229 112 231
184 167 184 165
41 27 39 27
113 142 114 143
66 183 65 182
17 16 18 15
17 16 18 15
24 125 25 126
37 26 38 27
37 26 38 27
24 37 23 36
145 230 146 229
66 20 67 19
37 144 38 145
112 121 113 122
102 100 101 101
66 51 65 52
86 212 85 211
55 79 56 80
65 114 64 113
91 219 90 218
21 60 20 59
74 139 73 138
77 144 78 145
162 150 162 151
65 66 65 65
65 66 65 65
142 171 141 171
68 17 68 18
25 14 25 15
109 169 110 169
69 116 70 116
108 54 108 55
98 89 99 89
98 89 99 89
101 88 102 88
92 44 93 44
143 94 144 94
10 106 10 105
153 99 152 99
94 73 93 73
67 115 66 115
144 170 145 170
73 117 73 117
107 49 107 49
22 12 22 12
124 88 124 88
71 89 71 89
59 25 59 25
82 40 82 40
111 142 111 142
24 10 24 10
24 10 24 10
154 99 154 99
61 41 61 41
61 41 61 41
66 5 66 5
150 121 150 121
64 23 64 23
114 94 114 94
105 49 105 49
78 16 78 16
104 99 104 99
107 53 107 53
107 53 107 53
106 67 106 67
113 193 113 193
108 117 108 117
119 63 119 63
93 114 93 114
113 81 113 81
163 131 163 131
163 131 163 131
54 102 54 102
163 131 163 131
79 29 79 29
146 95 146 95
65 87 65 87
152 119 152 119
108 62 108 62
118 77 118 77
17 19 17 19
137 92 137 92
137 92 137 92
152 166 152 166
154 99 154 99
114 55 114 55
92 220 92 220
103 87 103 87
111 142 111 142
52 71 52 71
19 34 19 34
52 70 52 70
71 89 71 89
71 36 71 36
