189 161
186
48 37 76 58
153 96 173 112
129 17 148 2
15 82 34 67
10 57 5 77
169 78 185 66
187 65 172 53
157 41 171 52
96 77 110 66
76 59 76 75
75 76 75 92
160 83 149 91
40 68 50 76
169 21 160 12
161 14 152 5
149 8 149 20
121 152 131 146
158 129 168 123
150 30 150 19
51 76 60 82
171 22 179 29
37 55 35 65
113 29 105 35
82 87 90 81
21 47 14 54
29 41 36 34
97 151 105 156
139 141 147 136
72 90 64 85
39 115 31 110
55 125 47 120
47 36 39 32
95 150 88 145
28 41 22 47
94 43 88 49
3 86 5 78
172 120 179 116
38 43 38 51
118 60 124 56
103 37 97 41
132 145 138 141
12 98 18 102
161 83 167 79
86 50 80 54
8 88 13 83
176 89 176 96
39 36 39 43
178 105 178 112
177 97 177 104
151 29 151 36
56 126 62 129
46 119 40 116
117 61 112 65
131 51 136 47
80 140 85 144
72 135 77 139
186 58 187 64
184 43 184 49
148 3 148 9
175 88 175 82
2 92 7 95
130 52 125 55
179 115 174 112
120 24 124 20
153 7 149 3
96 42 92 46
124 21 128 17
153 97 149 93
4 91 8 87
40 36 40 31
37 54 37 49
152 37 156 40
118 25 114 28
185 50 185 55
147 39 143 42
28 71 31 68
95 77 92 80
183 39 182 35
77 91 73 91
81 54 78 56
148 135 151 134
111 158 114 157
154 132 151 133
148 135 151 134
148 135 151 134
117 155 114 156
4 87 4 84
32 68 34 66
87 49 89 47
27 108 25 106
168 19 170 21
141 43 139 45
11 98 9 96
11 56 13 54
186 66 184 68
39 68 41 70
3 89 2 91
148 38 150 37
67 132 65 131
67 132 65 131
37 66 38 68
157 130 155 131
28 108 30 109
79 89 81 88
36 58 36 56
7 62 7 64
6 76 6 74
183 42 183 40
168 78 169 77
71 135 70 134
181 70 182 69
46 36 47 37
98 41 97 42
154 39 155 40
78 139 79 140
21 104 20 103
63 130 64 131
148 91 147 92
86 144 87 145
38 33 37 34
171 121 170 122
68 133 69 134
118 154 119 153
62 83 63 84
23 105 22 104
168 78 169 77
149 94 148 93
91 80 92 79
181 31 180 30
106 35 107 34
181 61 182 62
177 28 176 27
186 57 186 56
186 57 186 56
182 33 182 34
138 46 137 46
4 79 4 80
7 70 7 71
8 60 8 59
3 87 3 88
169 122 169 122
169 122 169 122
169 122 169 122
169 122 169 122
169 122 169 122
51 40 51 40
177 115 177 115
159 129 159 129
179 114 179 114
179 114 179 114
65 85 65 85
77 57 77 57
77 57 77 57
111 66 111 66
111 66 111 66
111 30 111 30
138 142 138 142
138 142 138 142
102 37 102 37
36 64 36 64
119 24 119 24
119 24 119 24
185 64 185 64
84 86 84 86
122 152 122 152
175 55 175 55
122 152 122 152
178 72 178 72
85 50 85 50
88 82 88 82
179 113 179 113
61 83 61 83
36 66 36 66
179 114 179 114
78 90 78 90
53 77 53 77
8 96 8 96
14 83 14 83
50 75 50 75
157 86 157 86
71 90 71 90
169 122 169 122
44 72 44 72
160 43 160 43
4 90 4 90
107 69 107 69
