165 144
52
163 77 77 77
144 42 59 42
59 3 59 77
47 142 106 142
4 37 60 37
157 111 108 111
10 3 58 3
46 142 14 142
60 41 60 23
76 77 60 77
60 44 60 60
107 119 107 134
157 42 145 42
3 31 3 41
11 106 11 115
6 16 6 7
5 15 5 24
6 65 7 73
5 59 5 51
4 50 4 42
12 124 12 116
10 97 10 105
108 112 108 120
13 133 13 125
106 141 106 134
162 67 162 74
163 80 163 73
158 51 160 57
159 56 160 62
9 90 9 96
161 62 161 68
160 91 160 97
158 105 157 110
162 83 161 88
158 50 158 45
8 87 8 82
4 27 4 32
7 8 7 3
7 78 7 74
14 138 14 134
6 61 6 64
157 43 157 46
4 23 4 26
161 89 161 91
159 97 159 99
158 104 158 102
162 82 162 80
8 79 8 81
159 102 159 100
159 51 159 52
9 88 9 89
162 86 162 86
