141 254
367
103 92 111 124
55 226 47 194
119 153 112 125
18 89 11 61
85 174 106 174
57 81 41 81
129 218 129 202
85 246 101 246
43 151 55 161
42 84 57 84
61 190 57 204
25 113 28 127
82 250 68 253
35 137 35 123
83 175 71 181
107 134 107 121
69 218 69 205
4 21 16 18
25 53 32 62
64 24 71 33
70 78 78 70
108 192 98 187
95 122 90 112
83 32 85 43
54 19 43 19
95 134 95 123
76 103 65 103
57 216 57 205
66 91 76 91
66 164 76 164
24 40 24 50
12 40 12 50
31 79 24 72
56 9 65 13
95 236 104 234
74 71 67 77
88 187 97 187
66 152 75 152
73 48 73 39
46 123 46 132
118 207 118 216
34 132 34 123
90 143 94 135
55 67 63 63
41 67 33 63
13 35 17 27
70 204 74 196
113 196 117 204
47 134 51 142
19 66 24 73
85 107 77 104
85 107 77 104
85 107 77 104
92 157 98 151
70 56 64 62
73 226 79 232
48 99 42 105
33 144 31 136
88 37 90 45
3 32 5 40
98 74 100 82
71 3 63 5
82 59 78 66
107 244 114 240
63 231 59 224
44 68 52 68
23 19 18 25
24 18 30 13
38 111 36 118
123 168 121 161
81 65 75 69
44 9 51 8
34 23 29 28
69 179 64 184
89 171 96 171
85 45 85 52
85 45 85 52
61 163 68 163
48 9 55 9
63 104 57 107
80 232 86 235
117 220 114 226
73 225 70 219
25 35 28 29
64 232 68 237
107 232 112 228
87 33 85 27
78 1 72 3
34 148 36 154
9 53 7 47
72 49 70 55
79 244 85 245
125 238 131 237
129 188 130 194
38 161 39 167
126 177 127 183
83 20 82 14
56 213 56 207
74 163 80 163
90 97 85 94
41 148 38 143
122 232 125 227
50 98 55 95
72 17 67 14
89 144 85 148
62 190 66 186
120 186 124 190
75 195 79 191
95 101 99 105
47 121 49 116
80 7 81 12
123 239 118 240
104 112 105 117
135 211 136 216
13 37 13 42
119 184 115 181
75 92 80 92
77 21 73 18
66 92 61 92
128 221 126 225
29 76 33 78
63 151 59 149
62 78 58 80
29 76 33 78
89 159 85 161
110 176 112 180
52 112 49 115
66 185 69 182
86 108 89 111
86 108 89 111
60 21 63 24
100 150 97 153
55 146 58 149
76 22 79 25
60 244 61 248
59 21 55 20
91 50 90 46
121 160 120 156
58 6 62 5
24 111 23 107
96 67 97 71
138 223 137 219
44 184 45 188
106 138 106 134
106 116 106 120
112 195 109 193
99 149 102 147
84 148 81 150
27 74 30 76
24 39 25 36
84 189 81 190
71 34 72 37
3 31 2 28
43 180 44 183
90 236 87 235
10 60 10 57
10 60 10 57
10 60 10 57
10 60 10 57
95 62 95 65
95 62 95 65
95 62 95 65
131 195 131 198
30 134 30 131
139 225 139 228
124 169 124 172
91 236 94 236
139 235 136 235
86 249 83 249
13 51 13 48
128 187 128 184
46 193 46 190
17 17 20 17
93 54 93 57
127 196 127 199
19 90 19 93
56 230 56 227
91 236 94 236
76 151 79 151
36 140 36 137
40 171 40 168
62 250 62 253
61 93 58 93
80 162 83 162
84 54 84 51
95 62 95 65
35 118 35 121
21 16 24 16
83 60 83 57
10 60 10 57
91 247 94 247
38 80 41 80
63 79 65 77
55 108 53 110
16 62 18 64
94 100 92 98
123 191 125 193
41 107 39 109
71 178 73 176
77 22 79 24
80 27 82 29
63 79 65 77
120 235 118 237
88 36 87 34
27 16 25 15
59 194 58 196
71 239 69 238
21 99 20 97
66 80 68 79
34 147 33 145
76 175 78 174
62 191 61 193
36 155 37 157
113 179 115 180
47 99 49 99
79 243 77 243
107 176 109 176
39 21 37 21
85 188 87 188
98 172 100 172
134 207 134 209
58 237 58 235
55 7 57 7
125 174 125 176
94 59 94 61
90 248 88 248
101 87 101 85
76 70 74 70
6 45 6 43
41 173 41 175
117 219 117 217
114 241 116 241
37 158 37 160
102 88 102 90
84 23 84 21
9 56 9 54
20 94 20 96
132 199 132 201
76 242 75 241
73 241 72 240
136 217 137 218
81 30 82 31
104 175 105 176
94 99 93 98
52 143 53 144
115 239 116 238
101 107 102 108
120 234 121 233
54 146 53 145
22 69 23 70
79 5 80 6
86 172 87 171
67 76 68 75
56 108 55 109
57 218 58 219
101 108 102 109
15 59 16 60
132 202 133 203
111 241 112 240
111 241 112 240
111 241 112 240
6 42 5 41
104 143 103 144
84 24 85 25
113 226 112 227
36 22 35 23
104 245 105 244
53 8 54 7
53 8 54 7
63 187 62 188
14 57 15 57
14 57 15 57
64 151 65 151
42 67 43 67
33 80 34 80
25 52 25 51
133 204 133 205
42 176 42 177
57 234 57 233
105 233 106 233
41 9 42 9
59 241 59 240
102 175 101 175
13 54 13 53
1 26 1 25
140 230 140 229
60 192 60 191
117 206 117 205
57 231 57 232
128 219 128 218
82 93 83 93
36 79 35 79
126 195 126 196
82 63 82 62
60 83 59 83
107 177 108 177
105 141 105 140
83 172 84 172
38 82 37 82
41 20 42 20
37 141 37 140
134 236 135 236
128 201 128 202
103 173 102 173
92 52 92 51
29 129 29 128
132 236 133 236
57 161 58 161
36 11 35 11
14 57 15 57
60 162 61 162
64 104 64 104
120 185 120 185
104 176 104 176
15 33 15 33
15 33 15 33
35 78 35 78
80 173 80 173
134 206 134 206
134 206 134 206
73 240 73 240
96 66 96 66
41 83 41 83
83 56 83 56
58 238 58 238
14 36 14 36
23 43 23 43
7 46 7 46
59 239 59 239
113 178 113 178
35 81 35 81
45 189 45 189
54 67 54 67
117 183 117 183
56 80 56 80
125 173 125 173
47 133 47 133
92 53 92 53
60 80 60 80
36 115 36 115
55 160 55 160
15 29 15 29
68 57 68 57
57 201 57 201
135 210 135 210
66 184 66 184
1 22 1 22
14 54 14 54
94 58 94 58
86 160 86 160
93 173 93 173
31 135 31 135
85 39 85 39
33 12 33 12
105 138 105 138
61 23 61 23
18 65 18 65
82 176 82 176
67 13 67 13
32 61 32 61
102 146 102 146
82 30 82 30
112 196 112 196
58 221 58 221
59 222 59 222
64 104 64 104
90 142 90 142
