181 161
140
108 126 171 76
42 107 94 149
59 88 35 70
67 42 44 26
15 85 36 102
137 4 157 14
9 51 26 63
174 104 159 116
23 33 8 43
158 15 172 23
107 142 107 157
108 127 108 142
100 28 111 20
111 21 122 13
91 34 101 26
35 26 25 32
142 131 150 123
156 118 148 126
178 69 169 64
142 45 150 39
72 98 80 104
119 149 127 143
123 13 131 7
137 135 144 128
160 58 168 63
85 38 92 32
178 75 177 84
159 57 152 53
7 73 6 65
96 116 102 121
164 29 170 24
132 139 126 143
163 30 157 34
114 153 120 149
133 138 138 133
5 63 5 56
169 51 169 44
170 36 170 43
131 8 136 4
176 86 176 92
4 50 4 56
81 39 86 36
3 47 8 50
78 42 73 45
141 46 146 49
100 153 104 157
158 117 154 121
11 82 15 86
76 42 81 40
43 25 38 24
8 79 7 74
69 96 65 93
69 96 65 93
175 73 179 70
7 43 3 46
168 57 168 52
37 103 41 106
175 93 175 98
68 43 72 46
107 159 111 156
151 38 155 35
95 149 98 152
30 66 33 69
84 107 87 110
84 107 87 110
171 35 171 31
171 24 172 27
174 102 174 99
174 102 174 99
131 139 133 137
150 52 148 50
115 153 113 155
115 153 113 155
95 116 93 114
81 105 83 107
160 116 162 114
27 64 29 66
10 82 8 80
62 91 60 89
172 75 174 74
16 37 18 37
3 50 3 48
55 33 53 33
103 25 105 25
171 28 171 30
121 115 122 114
63 40 62 39
80 41 79 40
80 41 79 40
80 41 79 40
64 92 63 91
64 92 63 91
112 155 113 154
46 27 45 26
106 158 105 157
90 112 91 113
10 41 11 40
10 41 11 40
89 34 90 33
89 34 90 33
113 121 112 122
64 92 63 91
88 110 89 111
179 73 178 74
151 52 150 51
80 41 79 40
65 41 66 42
144 44 143 45
109 22 108 23
94 31 95 30
155 36 156 35
37 25 36 25
37 25 36 25
6 64 6 63
42 24 42 24
7 76 7 76
158 34 158 34
161 16 161 16
40 106 40 106
120 14 120 14
140 4 140 4
154 13 154 13
24 33 24 33
56 35 56 35
142 5 142 5
159 15 159 15
145 49 145 49
83 39 83 39
98 28 98 28
98 28 98 28
126 111 126 111
167 63 167 63
167 63 167 63
170 64 170 64
6 70 6 70
166 111 166 111
40 23 40 23
8 42 8 42
117 16 117 16
69 43 69 43
