214 202
229
58 201 115 173
1 92 50 117
209 123 167 145
154 152 130 165
180 27 156 27
44 107 66 107
64 69 42 69
91 73 91 52
92 94 92 74
44 53 63 53
207 53 191 60
66 68 83 64
54 146 54 129
147 53 147 70
57 182 57 199
55 147 55 164
119 32 135 28
56 165 56 181
89 98 75 105
107 47 122 47
148 52 148 37
173 1 158 1
110 32 96 29
177 66 190 60
21 61 34 67
21 54 31 44
50 36 64 36
129 166 117 172
181 26 194 23
213 61 213 74
161 14 174 14
212 75 212 88
210 103 210 116
211 102 211 89
108 95 96 100
148 34 139 25
144 40 133 45
64 114 75 109
141 81 152 77
9 173 19 179
137 20 147 25
53 129 53 118
22 77 22 88
21 76 21 65
132 85 122 89
14 87 4 91
77 108 87 104
158 74 168 70
55 201 46 196
195 53 195 43
196 42 196 32
110 17 120 17
84 39 92 44
45 195 37 190
66 37 75 39
197 22 196 31
2 102 2 111
8 159 8 168
6 149 6 140
4 130 4 121
20 64 20 55
40 52 32 48
187 9 179 13
84 46 90 52
93 23 100 19
121 83 113 83
163 61 155 61
7 158 7 150
5 139 5 131
3 112 3 120
121 46 129 46
88 103 95 100
136 22 129 19
56 117 63 114
24 182 30 186
144 41 148 35
147 71 143 77
105 82 112 83
171 61 178 61
23 89 23 96
118 32 111 32
152 12 146 9
83 63 89 60
187 6 181 3
146 6 152 3
84 40 82 34
1 101 1 95
147 38 147 32
126 18 120 18
36 68 42 68
160 149 165 146
34 41 31 46
138 79 133 81
188 58 183 60
98 45 93 44
153 26 148 25
169 62 164 62
209 122 209 117
72 106 67 106
155 13 160 13
38 39 34 42
21 55 21 60
152 2 157 2
82 33 86 30
75 49 79 46
136 19 136 14
172 68 176 66
74 49 70 51
77 40 79 44
36 189 32 187
80 43 83 46
33 104 37 105
203 46 207 47
157 75 153 76
39 39 43 38
178 2 174 2
122 82 126 82
68 52 64 52
105 18 109 18
43 106 39 106
23 182 20 180
109 95 112 93
143 9 146 7
159 149 156 151
197 17 195 14
24 97 26 100
194 22 197 20
210 48 213 50
30 102 27 101
117 91 120 90
117 91 120 90
149 59 152 60
131 81 128 82
136 83 139 82
175 13 178 13
9 169 9 172
132 45 129 45
90 51 88 49
90 51 88 49
137 14 139 12
137 14 139 12
137 14 139 12
192 56 194 54
23 51 21 53
142 77 144 75
142 9 140 11
187 8 186 6
137 25 136 27
137 25 136 27
196 17 197 19
135 18 135 16
135 18 135 16
154 26 156 26
93 24 93 26
169 28 167 28
99 81 97 81
90 57 90 59
47 37 49 37
153 12 155 12
139 78 141 78
101 82 103 82
94 80 96 80
102 46 104 46
101 19 103 19
180 60 182 60
135 18 135 16
41 52 43 52
77 41 76 40
77 41 76 40
209 52 208 53
135 27 134 28
190 57 189 58
90 97 91 96
22 54 23 53
211 51 212 51
58 200 58 199
179 3 180 3
32 46 32 47
191 23 192 23
100 46 100 45
115 92 114 92
196 19 196 20
107 46 106 46
209 48 208 48
133 84 134 84
179 3 180 3
45 37 46 37
103 18 104 18
170 69 171 69
65 37 65 37
27 65 27 65
76 109 76 109
76 109 76 109
76 109 76 109
76 109 76 109
95 28 95 28
109 46 109 46
82 37 82 37
197 16 197 16
146 31 146 31
137 19 137 19
88 98 88 98
69 51 69 51
69 51 69 51
64 68 64 68
79 66 79 66
79 66 79 66
191 57 191 57
186 26 186 26
136 23 136 23
29 66 29 66
29 66 29 66
138 44 138 44
88 98 88 98
180 26 180 26
137 24 137 24
35 40 35 40
27 100 27 100
40 38 40 38
186 9 186 9
95 45 95 45
95 28 95 28
142 42 142 42
25 64 25 64
135 84 135 84
182 4 182 4
210 52 210 52
94 27 94 27
83 33 83 33
