254 141
370
77 99 157 119
158 120 190 128
49 91 17 83
135 31 163 38
7 53 14 25
241 59 213 52
251 73 245 96
36 12 52 12
202 128 218 128
135 106 119 106
163 62 163 78
91 78 91 62
119 34 135 34
105 23 120 27
164 39 178 42
68 20 77 31
177 111 187 121
132 46 144 52
144 88 132 94
109 87 103 75
151 65 145 53
171 98 171 85
216 56 203 56
67 41 67 54
145 87 151 76
33 13 22 19
159 88 152 97
177 71 185 63
187 87 192 77
37 72 48 72
47 84 36 84
239 114 244 105
134 30 124 28
238 116 230 122
206 68 216 68
81 53 81 43
206 117 216 117
185 65 193 60
100 45 107 39
242 60 251 62
152 43 158 50
39 23 48 23
19 41 23 33
50 24 58 28
229 61 221 57
196 112 204 116
246 99 242 107
243 103 246 95
70 97 62 95
103 63 107 56
111 89 118 93
103 63 107 56
74 69 78 62
234 66 240 71
31 26 38 23
30 81 23 78
38 5 45 7
93 19 100 21
223 71 229 75
62 63 57 68
190 106 195 111
5 80 12 81
180 71 185 66
213 129 206 129
66 56 63 62
25 65 30 69
99 94 104 98
3 66 5 60
235 98 233 104
191 46 185 44
20 56 18 50
57 10 51 8
92 78 93 84
55 83 49 84
238 121 237 127
18 49 18 43
84 46 84 52
174 89 174 83
102 73 102 67
63 33 66 38
144 102 149 99
110 102 105 99
198 72 203 69
65 78 60 81
151 43 147 39
233 80 229 76
100 94 96 90
233 105 229 109
231 62 235 66
73 24 77 28
100 46 96 50
196 59 201 57
190 105 188 100
83 43 82 38
16 19 17 14
222 137 227 138
151 75 152 70
92 19 87 18
9 54 9 59
173 87 173 92
15 26 15 21
67 79 71 76
72 71 69 75
228 123 224 126
221 137 217 135
115 49 111 51
160 85 162 81
9 37 11 33
178 109 174 107
20 57 22 61
110 52 107 55
179 112 182 115
188 121 191 124
15 27 18 24
15 69 18 72
30 26 27 29
53 70 49 71
184 44 180 43
234 83 235 87
218 116 222 115
32 70 36 71
199 48 203 49
28 2 24 1
197 130 193 129
216 135 212 134
222 70 218 69
72 14 76 15
61 82 57 82
90 68 90 72
90 68 90 72
80 50 80 54
8 46 8 42
187 95 187 99
120 94 124 94
129 107 125 107
164 68 164 72
83 54 83 58
80 38 80 42
125 95 129 95
79 35 79 39
197 72 194 74
113 103 116 105
113 103 116 105
62 16 65 18
116 48 119 46
60 30 62 33
226 112 223 114
16 25 18 22
208 133 205 132
152 69 151 66
20 3 19 6
174 100 173 97
83 17 86 18
93 58 92 61
71 14 68 13
161 58 160 55
231 139 228 138
122 46 125 45
239 120 239 117
208 50 205 50
53 92 50 92
199 127 202 127
33 82 30 82
16 82 13 82
138 35 135 35
116 35 119 35
55 13 52 13
202 131 199 131
221 127 218 127
194 47 197 47
37 4 34 4
202 131 199 131
61 94 58 94
116 36 113 36
186 94 186 91
73 98 76 98
67 12 64 12
235 132 235 135
33 3 30 3
46 11 43 11
2 72 2 69
162 59 162 62
126 45 129 45
6 54 6 57
82 16 79 16
216 57 219 57
253 65 253 68
246 86 246 89
192 123 194 125
108 40 110 38
14 67 12 65
237 69 239 71
16 71 14 69
176 73 174 75
179 73 177 75
144 38 146 40
240 73 242 75
25 64 23 62
19 22 21 20
229 123 227 125
22 77 20 75
196 58 194 59
196 58 194 59
81 63 80 65
95 87 96 89
66 77 68 76
176 105 177 107
80 34 81 36
158 51 159 53
187 90 187 88
174 95 174 97
79 57 79 59
190 61 188 61
78 36 78 34
103 64 103 66
252 70 252 72
18 10 18 12
19 7 19 9
236 95 236 93
209 51 211 51
62 11 60 11
9 42 9 40
236 129 236 131
55 93 57 93
46 7 48 7
162 80 162 78
236 89 236 91
121 27 123 27
18 74 17 73
18 74 17 73
18 74 17 73
94 55 93 56
20 2 21 1
112 103 113 104
244 80 245 81
244 80 245 81
79 67 78 68
193 76 194 75
193 76 194 75
120 47 121 46
230 63 229 62
95 53 96 52
151 97 150 98
2 79 1 78
234 82 233 81
20 2 21 1
142 37 141 36
62 17 61 16
78 69 77 70
18 74 17 73
237 115 238 114
75 73 74 74
196 126 197 126
175 80 175 81
173 104 173 103
130 46 131 46
3 67 3 68
243 78 243 77
243 78 243 77
63 81 64 81
58 14 57 14
172 81 172 82
172 81 172 82
35 13 36 13
35 13 36 13
25 30 25 31
78 15 77 15
136 105 135 105
131 94 130 94
82 61 82 60
141 103 141 104
240 116 240 115
78 30 78 31
14 28 14 29
94 85 94 84
173 79 173 78
8 54 8 53
10 59 10 60
245 83 245 84
203 132 204 132
172 100 172 101
79 60 78 60
112 37 113 37
210 134 211 134
35 83 36 83
82 61 82 60
192 59 193 59
11 62 11 63
203 57 202 57
80 57 80 56
205 69 204 69
138 36 139 36
5 58 5 59
35 13 36 13
102 22 101 22
66 39 66 40
175 102 175 103
54 69 55 69
72 97 71 97
58 83 57 83
193 46 192 46
3 67 3 68
173 95 173 94
104 22 103 22
49 8 50 8
204 49 204 49
204 49 204 49
76 71 76 71
26 29 26 29
26 29 26 29
26 29 26 29
176 78 176 78
176 78 176 78
245 103 245 103
245 103 245 103
245 103 245 103
245 103 245 103
245 103 245 103
232 139 232 139
232 139 232 139
192 78 192 78
245 86 245 86
62 79 62 79
103 98 103 98
184 63 184 63
236 117 236 117
26 80 26 80
110 88 110 88
73 70 73 70
73 70 73 70
73 70 73 70
9 39 9 39
9 39 9 39
174 102 174 102
79 32 79 32
138 105 138 105
174 106 174 106
221 58 221 58
233 140 233 140
178 110 178 110
176 109 176 109
59 10 59 10
187 62 187 62
63 11 63 11
33 83 33 83
54 93 54 93
176 80 176 80
141 37 141 37
192 129 192 129
144 87 144 87
103 74 103 74
80 45 80 45
13 68 13 68
59 29 59 29
145 38 145 38
66 55 66 55
139 104 139 104
245 103 245 103
31 69 31 69
239 113 239 113
80 43 80 43
176 78 176 78
67 19 67 19
77 33 77 33
191 129 191 129
231 108 231 108
58 81 58 81
7 50 7 50
158 52 158 52
55 82 55 82
