245 175
405
238 94 242 75
196 77 215 77
157 40 157 59
112 16 96 24
56 75 39 75
4 91 7 107
236 65 224 74
116 90 131 90
36 47 51 47
92 90 106 92
40 1 54 1
213 60 199 60
174 66 168 54
62 4 74 10
238 53 238 66
166 71 166 84
22 42 13 33
201 111 213 113
35 135 23 133
125 96 137 98
10 119 12 131
131 15 142 20
129 45 117 45
156 60 156 72
82 56 82 44
117 62 129 62
9 55 3 65
175 66 184 73
223 34 228 44
187 54 197 59
179 34 189 31
193 169 203 171
81 33 81 43
90 65 90 55
167 67 167 57
81 33 81 43
118 14 128 14
231 39 237 47
67 20 60 27
79 62 72 69
27 71 20 64
93 77 100 84
170 42 177 35
186 167 177 165
90 66 92 75
158 36 158 45
140 59 148 55
23 13 28 6
99 56 93 50
79 87 71 85
88 146 80 145
62 44 69 40
14 42 13 34
235 81 236 73
13 21 17 14
146 25 146 33
89 54 89 46
90 31 95 25
181 48 186 54
19 63 17 56
140 87 133 89
57 140 50 139
143 158 150 159
71 39 76 34
189 75 196 76
138 42 143 37
80 20 80 27
100 26 100 33
12 24 12 31
68 11 68 18
107 41 113 44
154 28 157 34
145 25 142 19
230 94 233 88
29 6 35 3
168 48 171 42
80 19 77 13
89 43 92 49
149 54 154 50
61 4 55 2
233 127 231 133
14 45 16 51
188 30 182 32
237 48 239 54
213 173 219 174
136 43 130 44
228 45 227 51
237 95 238 101
223 167 222 173
206 28 212 29
117 61 111 61
199 28 205 28
135 61 129 61
205 106 199 106
203 78 209 78
147 83 142 86
144 20 149 23
101 34 104 39
215 30 220 33
63 5 67 9
22 10 18 14
105 20 101 24
174 96 170 92
226 52 222 56
179 100 175 96
182 48 180 43
219 58 214 59
156 102 151 101
228 147 229 142
227 36 222 35
38 79 33 78
166 163 171 164
227 151 226 156
189 109 194 109
70 69 66 72
70 69 66 72
236 107 236 112
89 34 89 39
220 114 215 114
239 55 239 60
168 104 163 104
51 46 56 46
215 76 220 76
150 81 153 77
139 99 144 99
99 55 103 58
86 89 91 89
33 73 29 71
79 28 81 32
79 61 81 57
181 39 183 35
169 90 167 86
231 40 228 37
185 73 189 74
49 30 45 31
14 74 18 75
37 30 33 29
138 157 142 158
58 83 54 82
172 164 176 165
223 74 219 75
22 15 23 19
3 87 2 83
238 97 239 93
161 162 157 161
89 42 88 38
194 29 190 30
212 173 208 172
53 29 57 28
243 70 242 74
32 28 28 27
36 46 32 46
112 93 108 93
42 80 46 80
199 110 195 110
9 113 9 117
72 143 68 143
168 53 168 49
30 77 26 77
99 149 103 149
158 103 162 103
207 105 211 105
145 100 149 100
226 116 230 116
47 81 51 81
94 148 98 148
13 28 13 32
10 73 6 73
237 106 237 102
36 136 40 136
244 63 244 67
45 138 49 138
225 162 225 158
183 107 179 107
113 151 109 151
62 84 66 84
137 156 133 156
21 76 25 76
181 100 184 102
153 26 150 24
75 34 78 32
73 10 76 12
3 66 1 69
36 3 39 2
189 168 192 169
236 64 237 61
162 162 165 163
13 47 12 50
23 20 24 23
145 34 144 37
156 45 155 48
195 29 198 28
220 102 217 103
116 15 113 16
124 96 121 95
154 76 155 73
237 69 236 72
60 74 57 74
60 74 57 74
60 74 57 74
8 109 8 112
135 60 138 60
90 147 93 147
230 137 230 140
114 152 117 152
1 77 1 80
57 45 60 45
236 102 236 99
234 120 234 123
44 137 41 137
67 85 70 85
235 103 235 106
41 31 44 31
8 109 8 112
31 45 28 45
82 88 85 88
13 22 13 25
60 74 57 74
235 115 235 118
231 70 229 72
103 57 105 59
16 37 18 39
143 38 141 40
22 41 24 43
11 52 9 54
104 38 106 40
225 99 227 97
233 67 235 65
14 32 15 34
23 10 25 9
183 36 184 34
121 153 123 154
62 73 64 72
224 100 222 101
60 26 58 27
25 43 27 44
234 111 233 113
109 60 107 59
35 74 37 74
222 115 224 115
231 136 231 134
169 105 171 105
118 95 120 95
167 70 167 68
74 144 76 144
21 132 19 132
60 141 62 141
118 153 120 153
184 108 186 108
61 83 59 83
77 145 79 145
104 150 106 150
114 44 116 44
193 105 195 105
152 160 154 160
240 90 240 88
15 46 15 44
15 46 15 44
196 105 198 105
196 105 198 105
157 35 157 37
16 54 16 52
3 72 5 72
52 30 50 30
90 34 90 32
234 85 234 83
233 124 233 126
178 106 176 106
115 94 117 94
38 30 40 30
233 117 231 117
233 117 231 117
112 89 114 89
126 154 124 154
15 131 17 131
131 155 129 155
11 74 13 74
96 25 95 26
66 9 67 10
188 168 187 167
228 96 229 95
228 96 229 95
233 87 234 86
93 51 94 52
26 25 25 24
80 87 81 88
80 87 81 88
154 49 153 50
138 41 137 42
77 14 76 13
128 155 127 154
227 150 228 149
177 36 178 35
66 9 67 10
102 85 101 84
221 56 220 57
192 30 193 30
129 15 130 15
129 15 130 15
129 15 130 15
104 86 105 86
104 86 105 86
213 30 214 30
207 172 206 172
78 31 78 30
78 31 78 30
78 31 78 30
224 165 224 166
222 33 222 34
243 68 243 69
114 94 113 94
241 77 241 78
3 88 3 89
64 142 65 142
25 8 26 8
237 67 237 68
175 106 174 106
155 161 156 161
189 104 190 104
32 78 31 78
53 82 52 82
79 29 79 30
109 88 110 88
234 109 234 108
240 82 240 81
222 33 222 34
41 79 40 79
67 142 66 142
235 113 235 114
78 31 78 30
107 87 106 87
173 105 172 105
181 40 181 41
207 172 206 172
187 103 186 103
107 150 108 150
188 108 187 108
224 163 224 164
60 44 61 44
101 25 101 26
205 171 204 171
19 75 20 75
213 104 214 104
186 33 186 33
140 18 140 18
239 86 239 86
182 38 182 38
241 84 241 84
241 84 241 84
11 51 11 51
200 111 200 111
63 25 63 25
234 119 234 119
27 26 27 26
229 96 229 96
229 96 229 96
229 96 229 96
63 141 63 141
243 73 243 73
234 110 234 110
222 75 222 75
71 9 71 9
180 33 180 33
226 51 226 51
226 51 226 51
18 132 18 132
239 92 239 92
39 79 39 79
91 31 91 31
90 44 90 44
235 82 235 82
111 60 111 60
7 108 7 108
86 32 86 32
235 107 235 107
1 74 1 74
226 157 226 157
232 119 232 119
24 69 24 69
102 37 102 37
70 39 70 39
225 115 225 115
62 5 62 5
180 42 180 42
2 81 2 81
28 44 28 44
132 89 132 89
192 76 192 76
226 35 226 35
229 96 229 96
10 118 10 118
235 45 235 45
138 98 138 98
63 25 63 25
147 55 147 55
96 81 96 81
242 60 242 60
157 102 157 102
198 59 198 59
67 19 67 19
166 47 166 47
169 47 169 47
67 41 67 41
170 91 170 91
174 65 174 65
