155 181
152
117 39 153 68
76 157 76 118
2 158 28 172
90 58 70 73
4 157 22 145
39 104 39 124
76 19 76 33
64 165 76 158
53 172 41 179
92 57 103 49
61 79 50 87
127 85 138 78
11 76 11 63
75 18 75 5
5 123 5 136
4 133 4 146
8 93 8 106
115 40 105 48
150 70 140 77
151 55 153 67
40 178 29 173
38 123 38 134
116 22 116 33
61 14 69 7
54 171 63 166
40 105 40 95
42 29 50 23
106 99 114 93
77 32 85 26
60 15 52 21
143 30 136 23
128 16 135 23
67 152 59 147
92 108 84 113
93 107 101 102
123 12 116 6
7 108 6 117
3 152 3 143
3 152 3 143
12 66 12 57
69 73 62 78
40 135 47 140
31 38 24 43
47 89 40 94
37 135 30 139
10 79 9 87
51 142 58 146
9 88 9 96
6 126 6 118
115 14 115 22
29 140 23 144
25 43 19 47
80 6 85 11
78 117 83 113
95 19 100 15
117 38 117 32
57 105 52 102
51 101 46 98
148 37 149 42
10 73 10 78
36 34 32 37
124 87 120 90
71 6 75 3
41 30 37 33
118 91 114 94
90 23 93 20
90 23 93 20
106 98 103 101
127 16 124 13
62 109 59 106
106 11 109 8
105 11 102 14
89 14 86 11
150 50 151 54
114 9 115 13
150 49 150 45
2 153 2 157
7 107 7 103
13 56 13 52
42 95 45 97
149 46 149 43
114 8 114 5
7 113 7 116
77 4 79 6
77 4 79 6
77 4 79 6
66 111 68 113
66 111 68 113
147 33 145 31
16 50 18 48
72 155 74 157
68 9 70 7
122 42 124 44
77 4 79 6
89 23 87 25
72 115 74 117
147 34 148 36
10 84 10 86
147 64 148 65
68 153 69 154
68 153 69 154
58 16 59 15
29 39 30 38
54 20 53 21
143 74 142 75
140 76 139 77
20 47 19 48
129 48 128 47
15 50 14 51
102 101 103 100
64 110 63 109
49 23 48 24
74 156 75 157
35 34 34 35
69 153 70 154
110 8 111 7
70 114 69 113
120 89 119 90
49 141 50 141
48 88 49 88
148 40 148 41
119 40 119 40
131 83 131 83
51 22 51 22
27 172 27 172
149 39 149 39
116 40 116 40
65 165 65 165
44 28 44 28
44 28 44 28
152 64 152 64
108 45 108 45
108 45 108 45
134 52 134 52
65 111 65 111
62 166 62 166
134 80 134 80
134 80 134 80
86 26 86 26
148 35 148 35
112 6 112 6
71 155 71 155
69 163 69 163
151 69 151 69
128 85 128 85
86 111 86 111
101 50 101 50
67 164 67 164
139 56 139 56
87 61 87 61
52 172 52 172
123 87 123 87
