152 176
161
54 165 95 140
107 5 72 32
82 69 107 89
107 41 83 59
73 105 50 121
62 40 40 57
115 36 133 51
2 153 20 163
76 83 76 103
75 84 75 64
96 117 82 107
41 42 41 27
40 41 40 55
150 63 147 50
40 173 28 168
115 5 124 14
123 12 132 21
131 19 140 28
111 2 113 14
141 57 150 64
34 131 25 138
112 110 112 121
111 109 111 98
12 51 20 44
96 139 105 134
10 67 10 77
113 129 105 123
49 121 41 127
9 88 9 78
126 80 118 86
4 152 12 146
4 141 4 131
69 35 61 40
145 39 143 30
49 33 56 39
8 89 8 98
5 130 5 121
114 21 114 30
43 172 50 167
26 40 32 34
43 29 50 33
7 105 6 113
12 53 11 61
97 118 103 122
83 71 78 66
21 44 26 39
113 15 113 22
42 28 36 31
40 127 35 131
146 47 146 41
137 73 142 70
22 140 17 143
68 35 73 32
83 58 79 62
107 42 111 38
112 3 116 7
135 52 139 56
106 87 110 91
23 165 28 167
3 142 3 147
110 97 110 92
144 69 148 66
134 75 130 78
7 99 7 104
117 86 113 89
113 127 113 122
35 32 32 35
35 32 32 35
35 32 32 35
113 37 110 40
139 26 142 29
115 35 115 31
11 62 11 66
112 10 112 14
51 34 54 36
108 132 111 130
50 168 53 166
6 117 6 114
80 106 78 104
78 62 80 60
23 139 25 137
77 66 79 68
57 39 59 41
106 7 108 5
127 80 129 79
112 4 111 6
47 52 45 52
47 170 45 170
47 170 45 170
47 170 45 170
47 170 45 170
47 170 45 170
148 53 148 51
6 120 6 118
87 55 86 56
85 23 86 22
103 85 102 84
42 172 41 173
90 19 89 20
82 25 81 26
15 144 14 145
104 44 103 45
77 29 78 28
135 75 136 74
22 164 21 164
107 133 106 133
77 63 76 63
111 90 112 90
147 48 147 49
22 164 21 164
147 46 147 47
149 57 149 57
114 37 114 37
108 4 108 4
57 43 57 43
71 106 71 106
53 46 53 46
43 55 43 55
12 52 12 52
62 112 62 112
58 163 58 163
16 144 16 144
91 77 91 77
110 3 110 3
98 13 98 13
100 47 100 47
98 81 98 81
34 132 34 132
34 132 34 132
45 29 45 29
63 160 63 160
63 160 63 160
81 106 81 106
81 106 81 106
81 106 81 106
81 106 81 106
96 13 96 13
96 13 96 13
31 134 31 134
68 157 68 157
104 7 104 7
64 39 64 39
55 46 55 46
55 46 55 46
59 114 59 114
37 130 37 130
76 65 76 65
73 154 73 154
73 154 73 154
81 106 81 106
100 10 100 10
37 173 37 173
47 32 47 32
63 160 63 160
43 28 43 28
148 59 148 59
33 171 33 171
34 132 34 132
74 31 74 31
65 110 65 110
112 130 112 130
