185 247
272
13 216 74 246
73 191 73 230
96 160 75 188
94 150 94 116
96 159 115 134
17 165 45 178
123 180 105 204
46 178 72 191
149 43 129 43
66 145 46 145
184 44 172 59
134 71 134 89
128 2 112 10
136 161 126 175
27 103 20 117
139 102 130 114
88 102 94 115
77 98 64 92
170 38 170 24
74 245 74 231
155 134 163 123
132 27 120 21
26 135 20 123
121 49 109 44
94 74 107 74
82 138 91 129
75 95 86 101
152 85 145 95
129 108 119 115
9 205 7 193
3 171 5 183
51 92 63 92
51 92 63 92
96 119 108 119
157 6 166 13
66 65 71 55
124 58 119 48
65 173 54 173
65 173 54 173
135 75 135 64
105 43 105 32
164 36 155 41
171 27 169 17
163 122 169 114
87 230 81 238
124 24 117 17
33 117 40 124
184 42 175 38
92 44 83 48
31 100 40 97
134 62 129 54
81 48 73 53
158 77 164 70
166 59 160 66
130 115 124 122
137 28 146 27
49 127 58 128
67 78 67 87
133 90 133 99
169 48 169 39
81 114 81 105
70 79 66 71
156 6 148 2
106 20 110 12
77 59 81 67
177 102 172 109
28 161 34 167
28 161 34 167
5 184 7 192
21 132 22 140
22 141 23 149
98 43 106 43
102 91 94 91
128 54 122 49
105 205 100 211
126 83 132 78
121 66 124 59
36 97 43 95
115 71 108 73
64 126 71 124
153 137 149 143
96 217 92 223
26 134 31 139
65 144 72 143
71 80 76 85
104 91 111 90
71 80 76 85
143 72 136 72
59 146 52 146
77 120 80 114
24 153 27 159
156 23 150 26
160 16 157 22
133 100 130 106
117 13 120 7
115 36 120 40
144 96 140 101
87 162 91 157
14 142 10 147
77 58 79 52
145 71 151 70
106 23 107 29
88 90 94 90
184 50 184 56
179 85 179 91
183 57 183 63
182 64 182 70
1 157 1 163
181 71 181 77
180 84 180 78
178 92 178 98
88 229 91 224
111 33 115 37
5 152 9 148
33 103 37 99
169 31 165 35
9 161 4 159
10 162 15 164
84 69 88 72
120 67 116 70
168 49 168 54
63 127 58 127
80 103 77 99
2 169 2 164
155 69 159 66
83 47 80 51
122 125 119 129
111 34 108 30
144 149 147 145
44 125 48 127
91 128 93 124
74 82 71 79
74 82 71 79
74 82 71 79
172 110 169 113
27 104 30 101
38 123 35 120
76 120 73 123
100 212 97 215
88 104 85 101
78 242 81 239
74 82 71 79
167 66 164 69
121 87 124 84
73 94 69 93
33 104 32 108
33 104 32 108
97 43 93 44
143 1 147 2
137 27 133 27
20 122 20 118
66 70 66 66
160 11 160 15
170 62 168 65
32 139 35 141
155 81 157 78
79 168 82 166
78 85 81 87
76 141 73 142
39 143 42 144
93 153 92 156
41 170 44 171
117 14 118 17
70 171 73 171
31 112 31 109
93 73 90 73
88 89 85 89
112 118 109 118
21 131 21 128
106 28 106 31
32 115 32 112
50 173 53 173
10 209 10 212
45 94 42 94
115 88 113 90
86 163 84 165
123 179 125 177
79 140 81 138
82 68 84 70
36 167 38 169
36 167 38 169
131 78 133 76
129 81 127 83
143 151 141 153
72 55 74 53
86 163 84 165
166 14 168 16
5 153 3 155
75 170 77 169
133 74 132 76
117 132 118 130
125 41 123 40
157 7 159 8
41 124 43 125
149 26 147 27
85 88 83 87
117 116 115 117
11 213 11 215
24 106 26 106
106 44 108 44
169 30 169 28
169 30 169 28
169 30 169 28
167 57 167 55
167 57 167 55
134 1 132 1
46 144 44 144
177 101 177 99
80 102 80 104
127 42 129 42
151 42 149 42
50 93 48 93
67 172 69 172
24 106 26 106
154 69 152 69
134 63 134 65
10 207 9 206
168 15 167 14
168 15 167 14
46 94 47 93
46 94 47 93
87 134 86 135
164 12 163 11
164 12 163 11
77 244 78 243
77 244 78 243
141 154 140 155
159 10 158 9
172 60 171 61
168 15 167 14
120 39 121 40
121 86 120 87
154 83 153 84
15 141 16 140
124 123 123 124
47 172 48 172
117 88 118 88
111 11 112 11
131 1 130 1
154 136 154 135
24 150 24 151
38 142 37 142
118 87 119 87
77 84 77 84
129 2 129 2
113 117 113 117
60 90 60 90
78 140 78 140
21 112 21 112
162 63 162 63
151 25 151 25
34 98 34 98
171 28 171 28
123 41 123 41
80 87 80 87
166 33 166 33
168 31 168 31
28 102 28 102
171 29 171 29
151 85 151 85
151 85 151 85
151 85 151 85
117 10 117 10
117 10 117 10
87 102 87 102
91 106 91 106
79 96 79 96
22 110 22 110
83 88 83 88
168 31 168 31
33 116 33 116
142 28 142 28
