243 141
316
132 81 230 81
25 139 121 139
4 81 81 81
122 139 179 139
180 139 231 139
131 81 85 81
128 1 146 8
49 1 33 1
175 10 189 3
88 40 88 55
156 20 148 9
67 69 55 75
196 1 184 7
9 50 12 63
127 1 114 1
156 33 156 46
76 43 76 30
75 29 67 39
10 127 13 139
8 119 6 107
47 77 35 77
77 44 77 56
196 77 208 77
128 77 116 77
222 7 232 13
15 43 7 35
46 31 56 26
232 41 222 46
174 36 169 26
92 13 87 23
216 3 206 1
89 34 87 24
127 49 117 49
24 139 14 139
87 29 87 39
155 47 155 57
74 17 68 9
238 32 238 22
59 6 63 15
93 66 89 57
50 2 59 5
155 33 157 24
6 26 8 17
231 81 240 81
202 32 211 32
99 12 99 21
154 58 150 66
171 64 167 56
237 22 233 14
217 4 225 8
16 16 20 8
59 24 63 16
169 18 174 11
145 13 140 6
14 41 21 46
106 4 100 10
233 39 237 32
182 72 175 68
29 31 37 32
49 48 41 48
27 48 35 48
203 48 195 48
111 48 119 48
197 1 205 1
7 32 7 40
168 27 168 35
217 48 209 48
149 67 143 72
175 37 181 42
9 17 14 11
106 5 113 2
111 30 104 27
213 31 220 29
103 73 97 69
223 27 227 21
237 45 238 52
233 57 234 50
228 21 228 14
27 30 21 27
19 25 16 19
133 30 139 27
25 4 19 7
184 8 181 14
73 64 68 68
166 54 167 48
39 32 45 31
1 73 2 67
133 47 139 46
75 28 75 22
75 28 75 22
156 27 156 21
169 19 169 25
145 14 145 20
156 27 156 21
186 24 190 28
97 42 93 38
140 26 144 22
231 64 233 59
142 44 147 42
57 45 52 47
99 43 104 45
187 45 192 47
242 88 241 93
1 83 2 88
214 75 219 74
240 99 241 94
239 55 239 60
4 59 4 54
3 65 3 60
64 41 60 44
239 55 239 60
239 55 239 60
64 7 68 10
121 32 126 32
25 5 29 2
241 67 241 72
240 66 240 61
242 78 242 73
102 6 98 8
73 17 75 21
92 37 90 33
105 4 102 7
105 4 102 7
105 4 102 7
151 38 148 41
93 12 96 9
6 45 5 49
240 100 239 104
234 124 234 128
237 38 237 34
117 31 113 31
9 125 9 121
234 124 234 128
238 106 238 110
201 31 197 31
236 119 236 115
236 39 236 43
117 31 113 31
167 37 167 41
233 129 233 133
232 40 229 42
182 42 185 44
104 26 101 24
138 74 141 72
17 69 15 66
20 71 23 73
5 102 4 99
182 19 183 22
210 76 213 76
205 49 208 49
205 49 208 49
31 76 34 76
132 76 129 76
232 134 232 137
3 92 3 95
181 15 181 18
27 47 24 47
127 48 130 48
1 74 1 77
5 50 5 53
6 30 6 27
157 29 157 32
167 45 167 42
235 120 235 123
166 46 166 49
96 68 94 66
66 40 64 42
11 40 13 42
225 70 223 72
172 65 174 67
231 13 233 15
184 23 186 25
228 67 230 65
75 61 73 63
227 68 226 70
225 10 226 12
152 36 154 35
2 89 3 91
63 6 61 5
17 9 15 10
191 28 193 29
186 74 184 73
131 48 133 48
8 41 8 43
74 27 74 29
9 47 9 49
190 75 188 75
76 59 76 57
50 76 52 76
30 2 32 2
30 75 28 75
194 30 196 30
36 49 38 49
4 96 4 98
211 49 209 49
130 31 128 31
33 49 35 49
5 105 5 103
118 32 120 32
237 111 237 113
5 25 5 27
171 14 171 16
235 44 235 46
27 75 26 74
101 22 100 21
98 42 97 41
60 43 59 44
96 10 97 9
221 46 220 47
57 5 58 6
226 24 227 23
100 22 101 23
132 30 131 31
60 43 59 44
132 30 131 31
147 9 148 10
144 21 143 22
154 15 153 14
220 73 221 72
6 32 6 31
8 34 8 35
8 34 8 35
141 45 140 45
110 47 111 47
57 25 58 25
195 47 194 47
154 33 154 34
58 4 59 4
221 28 222 28
227 12 227 13
5 29 5 28
16 18 16 17
105 74 106 74
23 46 22 46
109 75 110 75
114 76 113 76
136 75 135 75
141 45 140 45
217 47 218 47
235 47 235 48
107 46 106 46
193 76 192 76
81 26 81 26
6 106 6 106
227 9 227 9
191 2 191 2
227 43 227 43
84 26 84 26
139 4 139 4
52 3 52 3
108 47 108 47
159 26 159 26
144 10 144 10
224 25 224 25
237 114 237 114
155 19 155 19
155 19 155 19
155 19 155 19
155 19 155 19
108 28 108 28
230 66 230 66
8 19 8 19
8 19 8 19
8 19 8 19
72 32 72 32
176 10 176 10
176 10 176 10
71 12 71 12
71 12 71 12
92 36 92 36
6 33 6 33
6 33 6 33
170 18 170 18
170 18 170 18
42 49 42 49
155 17 155 17
174 35 174 35
174 35 174 35
170 31 170 31
184 4 184 4
195 76 195 76
195 76 195 76
202 49 202 49
53 75 53 75
188 27 188 27
112 30 112 30
112 30 112 30
227 14 227 14
99 8 99 8
99 8 99 8
184 44 184 44
169 29 169 29
49 76 49 76
6 33 6 33
65 7 65 7
145 8 145 8
238 53 238 53
71 12 71 12
88 22 88 22
28 30 28 30
73 33 73 33
176 10 176 10
10 126 10 126
16 10 16 10
171 33 171 33
17 44 17 44
110 2 110 2
29 3 29 3
144 44 144 44
9 16 9 16
38 32 38 32
147 41 147 41
133 2 133 2
155 19 155 19
39 49 39 49
10 14 10 14
