176 164
186
51 81 19 106
83 57 103 41
69 35 49 51
113 91 133 76
145 120 125 106
85 22 104 7
166 105 148 91
39 140 55 151
44 55 29 67
32 136 16 127
167 136 153 126
24 71 12 81
110 35 110 20
60 153 72 161
160 149 172 142
120 12 129 20
109 17 109 5
146 47 146 59
16 126 6 121
118 101 127 107
173 132 173 142
145 48 145 38
140 85 132 79
107 141 115 147
11 123 3 118
135 75 143 70
117 148 125 153
116 99 108 94
147 55 147 64
139 161 147 157
143 63 137 57
170 114 171 122
99 146 106 142
110 36 116 41
54 149 60 154
138 162 132 158
12 111 18 107
146 121 152 125
141 86 147 90
78 27 84 23
133 54 138 59
141 30 136 25
128 50 133 55
130 20 135 25
113 6 118 11
7 88 7 95
6 94 6 101
5 108 5 101
5 108 5 101
37 139 31 136
151 154 157 151
76 161 81 157
120 44 125 48
87 154 92 150
144 38 144 32
4 114 4 108
131 157 126 154
78 61 82 57
114 89 110 93
11 112 7 115
105 6 109 3
169 112 169 107
71 66 75 63
74 31 78 28
172 135 172 130
98 147 94 149
17 127 21 129
142 61 145 64
100 9 97 12
104 41 107 38
92 16 95 13
64 71 61 74
70 34 73 31
142 61 145 64
25 71 28 68
146 65 145 69
171 127 171 123
39 141 36 139
133 77 136 75
55 78 52 80
86 154 83 156
148 156 151 155
172 126 172 129
174 138 174 141
8 86 8 89
45 54 47 52
112 6 110 4
73 32 71 34
74 162 76 160
87 20 89 18
58 76 60 74
65 71 67 69
10 82 8 84
68 35 66 37
172 140 170 138
111 91 109 93
117 42 119 43
70 67 68 68
146 64 148 65
136 113 134 113
47 146 49 146
3 114 3 116
50 148 52 148
109 20 109 18
62 40 63 39
113 39 114 40
25 70 26 69
83 23 84 22
83 23 84 22
42 56 41 57
143 69 142 70
130 109 129 108
143 31 142 30
30 67 31 66
167 105 168 106
45 145 44 144
52 49 51 50
116 147 115 146
46 54 47 53
42 143 41 142
116 100 115 99
83 23 84 22
116 88 117 87
168 137 169 138
140 117 141 118
151 93 150 92
77 61 76 62
119 101 118 100
119 101 118 100
103 7 102 8
103 7 102 8
126 49 127 50
108 38 109 37
129 80 130 79
121 84 120 85
56 77 57 77
56 77 57 77
148 64 148 63
155 127 155 127
155 127 155 127
155 127 155 127
77 28 77 28
57 152 57 152
158 129 158 129
147 121 147 121
147 121 147 121
147 121 147 121
147 121 147 121
13 124 13 124
13 124 13 124
13 124 13 124
143 119 143 119
143 119 143 119
162 133 162 133
161 149 161 149
161 149 161 149
144 120 144 120
35 63 35 63
147 67 147 67
8 85 8 85
123 105 123 105
140 71 140 71
140 71 140 71
79 27 79 27
118 148 118 148
142 86 142 86
15 79 15 79
48 52 48 52
93 150 93 150
126 82 126 82
165 135 165 135
29 135 29 135
113 98 113 98
146 68 146 68
154 126 154 126
156 151 156 151
123 47 123 47
133 158 133 158
137 115 137 115
58 43 58 43
174 140 174 140
77 28 77 28
133 111 133 111
62 155 62 155
122 103 122 103
70 159 70 159
