182 161
127
51 48 102 7
127 19 168 53
150 70 110 39
16 76 35 60
107 38 89 51
24 101 7 114
137 159 153 151
107 20 107 3
108 37 108 20
62 72 49 82
124 17 112 7
16 125 4 118
161 146 173 139
60 73 71 65
152 72 163 80
169 85 179 93
99 135 91 129
171 138 163 132
62 124 70 118
40 88 48 83
170 99 162 104
101 136 109 141
154 109 146 114
31 134 23 129
148 122 141 117
47 134 40 139
34 93 41 88
171 98 178 94
6 94 5 102
23 101 29 97
162 80 168 84
135 158 129 154
135 158 129 154
84 125 90 129
149 123 155 127
72 117 78 121
88 52 82 56
174 59 175 66
170 118 170 125
169 110 169 117
160 147 154 150
116 146 111 142
3 115 3 109
3 115 3 109
3 115 3 109
7 92 7 86
177 75 177 81
176 74 176 68
7 92 7 86
56 128 51 131
33 94 28 97
50 48 46 52
78 59 74 63
15 76 11 80
36 60 40 56
174 58 170 54
17 126 22 128
178 85 179 90
57 127 61 124
123 150 127 153
171 133 171 128
3 116 7 113
79 122 83 124
42 55 45 52
4 111 4 107
8 86 8 82
119 148 122 150
151 71 154 73
111 6 108 4
32 134 35 136
145 115 142 116
158 106 161 105
158 106 161 105
39 138 36 137
168 107 167 104
172 137 172 134
172 137 172 134
169 54 171 56
149 70 147 68
58 74 56 76
113 41 111 39
160 130 162 132
52 79 54 77
16 106 14 108
83 56 81 58
113 41 111 39
12 109 10 111
157 128 159 130
72 64 74 62
47 83 49 81
77 61 79 59
79 58 81 57
48 133 50 132
178 82 178 84
178 82 178 84
5 105 5 103
2 115 2 117
4 104 4 106
36 91 37 90
114 8 115 9
120 46 121 47
157 75 156 74
65 70 64 71
164 50 165 51
20 103 19 104
139 62 140 63
144 66 143 65
157 107 156 108
117 146 118 147
6 92 6 93
171 126 171 127
95 46 95 46
165 81 165 81
175 67 175 67
18 105 18 105
26 100 26 100
161 79 161 79
140 159 140 159
109 38 109 38
156 127 156 127
66 68 66 68
39 89 39 89
42 137 42 137
99 43 99 43
167 84 167 84
95 46 95 46
152 151 152 151
