165 144
52
163 77 67 77
46 142 105 142
60 37 3 37
60 42 116 42
59 58 59 3
58 3 10 3
155 111 108 111
117 42 157 42
14 142 45 142
59 59 59 77
60 23 60 41
163 76 160 60
60 44 60 60
156 111 159 99
3 31 3 41
4 23 4 32
6 69 6 60
11 106 11 115
5 15 5 24
6 7 6 16
107 125 108 117
9 92 8 84
7 70 7 78
107 126 107 134
12 116 12 124
4 42 4 50
5 59 5 51
13 125 13 133
106 142 106 134
10 97 10 105
158 52 158 45
66 77 60 77
160 91 160 97
159 57 159 51
162 80 162 86
161 91 161 86
7 8 7 3
14 138 14 134
108 112 108 116
160 56 160 59
157 43 157 46
9 96 9 93
8 79 8 81
163 78 163 80
162 74 162 73
162 74 162 73
162 74 162 73
159 97 159 98
159 97 159 98
8 82 8 83
161 62 161 63
158 102 158 102
