155 181
169
113 176 75 148
84 119 56 98
47 157 72 177
75 149 75 179
26 140 46 156
75 63 93 75
38 47 38 68
39 87 39 67
75 43 75 62
76 44 76 25
2 24 18 34
57 100 43 89
102 131 116 141
28 9 14 17
117 142 127 134
139 105 149 111
152 113 144 120
4 23 13 18
19 35 27 40
68 19 76 24
10 109 10 100
7 70 7 79
9 99 9 90
8 89 8 80
4 49 4 40
6 60 6 69
3 30 3 39
5 50 5 59
11 110 11 119
55 37 62 32
42 45 49 40
117 91 110 86
29 41 36 46
18 133 24 139
135 157 129 163
60 14 67 18
102 81 109 85
115 159 114 167
132 100 125 96
33 6 40 2
51 79 57 75
68 29 62 33
95 76 101 80
90 123 96 127
64 70 70 66
89 167 84 172
116 151 117 144
123 168 128 163
78 177 83 172
141 152 136 157
122 168 117 173
149 129 149 136
148 142 148 135
54 10 48 7
147 146 147 140
42 3 47 6
121 93 126 96
138 104 133 101
58 74 63 71
142 152 146 148
15 131 19 135
150 125 151 120
115 157 116 152
70 28 74 25
50 40 54 37
12 120 12 125
129 132 133 129
40 86 44 84
139 124 136 127
87 121 84 118
101 131 98 128
90 167 93 164
41 88 44 91
2 25 2 29
140 123 143 121
151 118 152 115
29 8 32 7
150 126 150 129
114 171 114 168
12 129 14 131
136 126 134 128
47 82 49 80
41 45 39 46
113 171 113 173
60 102 59 101
114 175 115 174
114 175 115 174
114 175 115 174
58 13 57 12
29 142 28 141
89 122 88 121
73 177 74 178
73 177 74 178
64 105 63 104
25 139 24 138
117 90 118 91
80 115 81 116
130 132 131 131
125 135 124 136
46 92 47 93
55 11 56 12
114 175 115 174
45 83 46 82
69 28 70 27
73 64 72 65
120 93 119 92
129 133 128 133
151 112 150 112
146 146 146 147
113 174 113 175
52 95 52 95
140 105 140 105
17 34 17 34
50 95 50 95
95 162 95 162
57 35 57 35
33 145 33 145
31 43 31 43
91 123 91 123
107 171 107 171
91 73 91 73
34 6 34 6
146 110 146 110
134 101 134 101
117 143 117 143
53 161 53 161
111 174 111 174
120 92 120 92
120 92 120 92
120 92 120 92
37 46 37 46
111 87 111 87
111 87 111 87
111 87 111 87
111 87 111 87
111 87 111 87
68 173 68 173
68 173 68 173
43 154 43 154
43 154 43 154
43 154 43 154
73 110 73 110
73 110 73 110
23 38 23 38
75 25 75 25
39 151 39 151
28 41 28 41
97 128 97 128
116 155 116 155
73 110 73 110
91 159 91 159
48 157 48 157
50 80 50 80
43 154 43 154
99 165 99 165
103 168 103 168
151 119 151 119
14 32 14 32
151 119 151 119
6 26 6 26
151 123 151 123
116 173 116 173
15 17 15 17
148 111 148 111
83 153 83 153
120 92 120 92
94 75 94 75
152 117 152 117
26 40 26 40
