191 250
338
176 183 185 199
102 187 102 205
121 249 113 235
93 40 85 26
63 89 48 89
94 202 101 215
160 227 172 220
20 74 27 86
106 63 113 75
58 7 46 14
148 234 136 241
15 32 27 25
6 50 13 62
60 144 67 156
133 109 126 97
28 54 34 66
70 66 76 54
28 44 34 32
90 57 87 70
138 160 151 163
132 131 132 118
175 205 175 192
115 206 115 193
59 143 53 132
75 169 81 180
68 157 74 168
146 131 140 120
46 120 52 131
3 39 14 33
17 55 17 43
99 51 105 61
84 185 90 195
166 166 172 176
116 190 123 181
173 219 183 214
68 68 58 73
23 30 18 40
90 100 101 100
144 224 133 224
21 69 28 77
120 87 125 96
120 121 120 131
124 102 117 95
109 173 116 166
109 176 116 170
75 22 82 28
161 170 168 176
118 153 125 147
100 88 91 88
91 161 100 161
59 129 59 120
134 162 143 162
134 235 143 235
135 175 144 175
91 149 100 149
153 220 145 224
103 101 111 105
135 242 127 246
103 148 111 144
110 221 116 227
78 81 84 75
67 147 73 153
124 219 118 213
73 96 67 102
54 87 62 86
37 103 41 110
76 10 72 3
89 46 90 54
42 27 35 31
50 24 58 25
72 116 71 124
89 58 89 50
48 86 40 86
113 107 118 113
128 108 131 115
42 85 35 82
72 132 75 139
122 231 129 234
166 165 162 159
72 34 67 29
164 204 164 197
86 160 93 160
155 146 158 152
155 146 158 152
30 91 33 97
2 43 5 49
19 73 16 67
125 220 131 223
77 11 80 17
155 146 158 152
190 210 184 213
186 200 189 206
80 106 85 102
80 75 75 79
154 231 148 233
122 166 128 164
120 120 118 114
43 26 49 25
54 14 48 14
54 14 48 14
60 115 60 121
99 160 105 160
77 52 77 46
60 134 60 128
162 158 159 153
106 223 103 218
115 94 110 91
75 154 80 157
63 140 66 145
115 155 110 158
153 179 157 183
34 82 30 78
75 110 79 106
64 3 69 1
116 207 118 212
173 177 175 182
152 140 154 145
37 69 42 71
164 195 162 190
82 20 84 25
163 205 162 210
117 137 114 141
95 44 98 48
62 26 66 29
174 194 174 189
86 89 91 89
174 203 174 208
48 87 53 87
105 89 100 89
111 231 108 227
158 184 161 188
115 79 118 83
28 24 32 22
36 102 34 98
130 177 126 179
85 67 87 63
159 215 161 211
68 83 64 85
136 114 134 110
131 134 129 138
104 211 106 215
167 220 170 217
158 216 155 219
110 220 107 217
125 102 122 99
82 72 85 69
127 143 124 146
105 179 104 183
148 177 152 178
156 166 152 165
85 147 89 148
146 234 142 234
88 43 88 39
132 160 136 160
148 164 152 164
27 47 27 51
58 15 62 15
50 74 54 74
131 234 135 234
71 129 71 125
88 43 88 39
85 34 87 37
72 35 74 38
44 116 42 113
165 223 168 221
119 132 118 135
14 63 15 66
134 176 131 177
147 132 148 135
73 115 74 112
29 90 28 87
43 72 46 73
44 87 47 88
14 63 15 66
45 15 42 16
171 182 172 185
108 90 105 90
61 112 61 115
61 112 61 115
103 194 103 191
88 58 88 61
61 137 61 134
108 159 105 159
108 159 105 159
104 186 104 189
173 211 173 208
18 58 18 61
83 90 86 90
62 16 65 16
61 112 61 115
76 42 76 45
130 161 127 161
83 159 86 159
173 186 173 189
118 228 120 230
118 228 120 230
118 228 120 230
159 169 157 167
120 167 118 169
35 19 37 17
66 104 64 106
168 178 170 180
92 198 90 196
80 91 78 93
74 96 76 94
35 19 37 17
109 178 107 180
159 228 157 230
73 85 75 83
119 165 121 163
81 144 83 146
83 30 85 32
74 39 75 41
74 39 75 41
44 117 45 119
95 43 94 41
95 43 94 41
59 6 61 5
137 115 138 117
114 76 115 78
108 226 107 224
77 141 76 139
69 87 71 86
124 248 126 247
126 104 127 106
87 101 89 101
18 41 18 43
145 176 147 176
70 18 68 18
57 73 55 73
47 73 49 73
105 183 105 185
58 14 56 14
39 17 40 16
83 31 84 32
85 72 86 71
83 183 84 184
109 221 110 222
38 85 37 84
82 73 81 74
112 143 113 142
125 104 126 105
78 142 79 143
74 21 73 20
138 118 139 119
155 231 154 232
155 230 156 229
71 19 72 20
102 216 103 217
158 228 157 229
63 4 62 5
127 144 126 145
70 83 71 82
128 141 129 140
63 109 64 108
21 67 20 66
36 68 35 67
36 68 35 67
98 49 99 50
32 21 33 20
73 81 74 80
84 69 83 70
119 86 119 85
28 52 28 53
117 154 116 154
62 111 62 112
62 111 62 112
81 18 81 19
81 18 81 19
116 191 116 192
112 233 112 234
125 180 124 180
104 208 104 209
89 43 89 44
60 26 61 26
67 17 68 17
62 137 62 138
131 163 132 163
106 182 106 183
145 163 146 163
17 57 17 58
81 18 81 19
103 205 103 206
101 148 102 148
16 49 16 50
28 46 28 45
82 158 83 158
19 63 19 64
171 215 171 214
72 81 72 81
110 176 110 176
151 139 151 139
40 17 40 17
40 17 40 17
67 146 67 146
67 146 67 146
151 233 151 233
82 91 82 91
82 91 82 91
129 233 129 233
66 88 66 88
126 162 126 162
77 93 77 93
77 93 77 93
139 161 139 161
103 203 103 203
102 101 102 101
1 41 1 41
148 163 148 163
78 76 78 76
42 87 42 87
90 148 90 148
157 182 157 182
161 187 161 187
130 114 130 114
76 53 76 53
56 86 56 86
103 203 103 203
68 84 68 84
162 189 162 189
124 162 124 162
172 212 172 212
120 216 120 216
64 88 64 88
103 208 103 208
82 91 82 91
103 208 103 208
105 62 105 62
122 150 122 150
67 146 67 146
103 189 103 189
67 87 67 87
123 182 123 182
16 47 16 47
129 163 129 163
50 86 50 86
80 92 80 92
20 67 20 67
