137 253
362
83 238 83 210
14 150 5 170
69 10 88 1
28 241 48 245
110 67 110 86
85 95 66 95
126 26 126 44
41 86 34 102
87 242 91 226
50 190 66 193
42 87 42 103
90 160 90 144
109 103 109 87
45 184 61 184
17 152 17 136
102 1 116 8
102 57 88 50
125 70 121 85
68 48 83 48
88 43 103 43
90 135 90 121
91 143 91 129
72 132 60 138
33 132 45 138
38 155 51 157
82 252 82 239
20 144 30 152
83 112 72 106
107 173 104 185
89 183 92 171
130 54 127 66
84 197 84 209
88 166 81 175
30 178 22 170
27 110 19 118
68 11 63 21
133 66 133 77
41 85 41 74
102 27 91 27
117 38 125 31
70 78 60 75
62 103 72 105
41 73 43 63
89 121 83 113
132 88 132 78
16 138 16 128
135 54 135 44
134 55 134 65
60 102 50 102
108 25 116 19
65 30 72 37
73 37 82 41
58 47 62 38
97 90 105 85
59 93 51 88
82 146 75 152
108 172 110 163
125 54 121 62
99 62 95 54
56 72 52 64
52 63 56 55
116 144 119 136
125 15 119 9
107 127 109 119
19 239 27 241
128 105 130 97
1 178 1 186
38 104 33 110
104 85 109 79
70 107 76 112
40 105 47 102
11 237 18 239
86 141 82 147
49 87 44 82
108 63 103 58
18 156 19 163
2 187 2 194
7 225 7 232
5 217 5 210
74 10 74 17
89 136 86 142
21 144 18 138
31 111 28 117
116 38 110 41
28 124 31 130
104 135 102 141
58 52 64 50
87 188 85 194
93 220 95 214
121 129 119 135
111 114 113 108
108 104 106 110
103 187 101 193
58 48 56 54
18 121 16 127
84 25 90 27
127 107 126 113
126 17 127 23
61 156 67 155
101 42 107 42
90 42 84 42
3 195 3 201
127 24 127 30
6 218 6 224
78 117 78 123
131 95 131 89
116 66 120 62
30 108 26 112
79 196 84 198
117 13 115 8
63 24 65 29
64 104 69 106
96 160 98 155
97 208 95 213
125 115 123 120
71 194 76 195
119 89 118 94
132 48 131 53
117 95 116 100
14 182 9 181
136 43 135 38
94 120 98 117
50 57 54 54
79 78 84 78
63 27 63 32
125 48 125 53
28 118 28 123
22 169 19 165
52 157 57 157
78 22 75 18
109 67 107 63
79 23 83 25
102 142 100 146
75 112 77 116
22 114 25 111
118 9 121 12
94 72 91 75
94 73 97 70
98 67 99 63
41 188 45 189
94 166 93 170
8 181 4 180
85 247 84 251
89 76 85 77
99 150 98 154
77 124 76 128
60 248 64 249
98 203 97 207
76 251 72 251
76 251 72 251
21 184 25 184
74 79 78 79
58 247 54 247
75 6 75 10
53 139 49 139
85 94 89 94
75 179 78 177
42 77 44 80
84 49 87 50
37 187 40 188
113 155 114 152
105 132 106 129
55 139 58 138
3 174 2 177
109 76 108 79
84 49 87 50
42 78 42 75
100 198 100 195
55 53 58 53
53 246 50 246
74 96 77 96
92 222 92 225
4 202 4 205
41 183 44 183
4 209 4 206
103 26 106 26
98 1 101 1
38 154 35 154
22 144 24 146
125 16 123 14
74 151 72 153
77 20 79 22
123 32 125 30
123 32 125 30
102 114 104 112
31 107 33 109
18 120 20 118
98 68 96 70
33 153 31 151
22 144 24 146
49 57 47 59
75 129 73 131
5 171 4 173
100 89 98 90
46 61 44 62
25 147 23 147
25 147 23 147
25 147 23 147
25 147 23 147
8 235 8 233
134 41 134 43
115 103 115 101
88 184 88 186
88 184 88 186
136 40 136 38
71 78 73 78
18 153 18 155
120 88 120 86
67 49 65 49
90 1 92 1
67 249 65 249
89 163 89 161
95 164 95 162
111 162 111 160
77 252 79 252
122 126 122 124
126 69 126 67
36 105 38 105
117 16 117 14
49 103 47 103
68 194 70 194
136 40 136 38
49 138 47 138
27 185 29 185
123 121 123 123
107 41 109 41
112 158 112 156
46 189 48 189
33 186 31 186
25 147 23 147
18 183 20 183
125 45 125 47
70 250 68 250
25 147 23 147
115 147 115 149
102 58 101 57
49 86 50 87
45 82 44 81
119 37 120 36
68 12 69 11
68 12 69 11
31 178 32 179
35 180 36 181
39 105 38 106
68 34 69 35
113 22 112 23
58 73 57 72
115 146 116 145
93 53 94 54
85 246 86 245
81 112 80 111
15 182 16 183
100 116 101 115
114 106 113 107
115 66 114 67
111 115 110 116
111 115 110 116
114 106 113 107
112 68 113 68
112 68 113 68
112 68 113 68
112 68 113 68
112 68 113 68
133 46 133 47
36 187 35 187
59 74 60 74
96 91 95 91
110 117 110 118
110 117 110 118
38 182 39 182
64 183 63 183
72 180 73 180
92 93 91 93
86 244 86 243
77 196 78 196
114 105 114 104
63 22 63 23
68 182 69 182
92 92 93 92
116 17 116 18
9 236 8 236
136 37 136 36
114 150 114 151
84 41 83 41
99 199 99 200
112 68 113 68
100 148 100 147
69 154 70 154
62 93 61 93
76 8 76 8
76 8 76 8
76 8 76 8
65 14 65 14
46 60 46 60
103 135 103 135
103 135 103 135
103 135 103 135
103 135 103 135
89 1 89 1
70 153 70 153
79 4 79 4
75 39 75 39
125 29 125 29
125 29 125 29
30 186 30 186
53 54 53 54
53 54 53 54
18 140 18 140
18 140 18 140
62 50 62 50
40 104 40 104
128 106 128 106
113 40 113 40
91 121 91 121
81 3 81 3
89 122 89 122
69 105 69 105
73 109 73 109
88 120 88 120
33 107 33 107
66 183 66 183
106 62 106 62
126 20 126 20
126 20 126 20
35 153 35 153
103 186 103 186
59 138 59 138
32 110 32 110
89 123 89 123
81 3 81 3
43 80 43 80
47 156 47 156
121 83 121 83
105 111 105 111
114 8 114 8
44 63 44 63
63 18 63 18
73 7 73 7
61 137 61 137
57 156 57 156
76 107 76 107
106 128 106 128
34 180 34 180
109 3 109 3
85 144 85 144
101 116 101 116
34 186 34 186
63 104 63 104
95 92 95 92
70 153 70 153
84 113 84 113
17 183 17 183
46 138 46 138
99 201 99 201
59 156 59 156
31 112 31 112
90 75 90 75
70 181 70 181
32 131 32 131
32 107 32 107
43 103 43 103
64 16 64 16
