252 160
428
146 112 77 95
59 118 87 125
246 83 237 102
238 131 230 147
1 75 8 91
251 68 248 84
53 65 37 65
92 64 92 48
8 92 15 106
241 115 238 130
163 45 163 60
199 120 214 120
135 100 120 100
201 40 216 40
246 81 246 67
246 81 246 67
23 10 14 20
216 46 228 52
51 49 38 49
134 20 121 20
121 86 134 86
244 60 236 50
174 42 162 39
159 116 147 113
224 159 229 148
82 38 82 26
42 86 53 89
241 114 244 103
26 15 35 8
15 51 23 59
172 78 174 67
196 85 206 90
27 43 22 33
115 22 105 27
62 43 52 48
93 61 93 72
132 26 121 26
236 75 236 64
235 78 228 86
184 49 177 57
77 49 70 57
149 80 157 73
23 20 21 30
150 38 152 48
11 40 11 30
207 107 217 107
106 94 99 87
105 79 98 72
106 59 113 66
142 66 149 59
152 28 158 35
187 63 187 72
171 92 171 83
69 23 69 32
217 91 208 91
45 1 54 1
132 70 123 70
45 81 54 81
53 7 61 11
113 65 121 69
79 20 75 12
74 11 67 6
201 47 194 52
5 64 2 72
81 40 78 48
150 57 152 49
37 112 45 114
134 21 142 23
144 24 151 28
174 79 174 71
42 6 50 6
215 46 207 46
247 71 247 79
235 99 240 93
227 114 233 109
14 48 19 54
94 40 92 47
97 36 101 30
179 90 184 95
131 137 138 138
170 147 177 148
235 50 230 45
103 48 104 41
162 61 162 68
83 33 83 40
190 45 183 45
102 24 95 24
78 18 84 21
196 104 190 101
22 67 19 61
119 27 113 30
191 80 188 74
36 48 30 45
189 100 184 96
31 63 37 64
116 133 122 134
53 2 59 2
37 2 43 2
175 62 178 57
179 107 175 103
184 113 180 109
96 37 94 42
12 27 14 22
222 89 227 87
138 28 133 26
12 44 14 49
35 9 40 7
69 22 67 17
188 62 190 57
199 41 194 43
144 82 139 84
93 127 98 128
58 90 63 91
21 108 26 109
17 55 18 60
199 154 204 155
171 119 176 120
105 130 110 131
246 93 247 88
164 145 159 144
124 135 129 136
27 82 32 83
233 58 230 54
143 31 139 28
161 69 161 74
132 85 137 85
202 106 207 106
221 41 216 41
65 39 68 35
234 107 237 103
114 83 118 85
162 43 160 39
156 34 159 37
190 56 193 53
75 13 72 10
192 81 195 84
160 68 157 71
147 34 144 31
63 12 66 15
28 73 31 76
95 68 94 64
104 53 103 49
104 53 103 49
201 126 197 125
83 57 82 61
202 47 206 46
48 115 52 116
195 118 191 117
96 82 95 78
243 61 247 60
16 79 20 80
228 133 232 134
234 59 235 63
216 158 212 157
84 45 84 41
91 51 91 55
164 51 164 55
221 106 217 106
245 99 245 95
81 26 81 22
79 66 81 63
139 67 136 69
185 48 188 46
222 117 225 115
177 86 179 89
148 80 145 82
91 23 88 22
208 156 205 155
105 40 106 37
172 79 171 82
9 53 8 56
30 110 27 109
217 158 220 159
7 58 6 61
182 44 179 44
88 126 91 126
172 96 172 93
61 3 58 3
169 146 166 146
175 81 175 78
41 85 38 85
25 81 22 81
218 130 215 130
123 85 120 85
182 150 185 150
64 4 61 4
207 128 210 128
207 128 210 128
93 45 93 48
163 117 166 117
150 141 147 141
142 139 139 139
35 111 32 111
76 94 73 94
218 90 221 90
94 74 94 77
103 25 106 25
56 64 53 64
56 80 59 80
112 132 115 132
72 93 69 93
35 111 32 111
100 129 103 129
9 77 6 77
182 121 179 121
34 84 37 84
194 153 197 153
157 72 155 74
229 46 227 44
25 59 23 57
65 40 63 42
187 114 189 116
152 30 150 28
145 96 147 94
109 33 111 31
26 7 24 9
24 70 26 72
71 74 73 72
26 16 24 18
109 95 111 97
158 83 156 85
229 103 231 101
150 93 152 91
96 69 98 71
244 62 245 64
18 107 20 108
174 65 175 63
211 157 209 156
68 59 69 57
141 98 143 97
29 6 27 7
61 62 63 61
98 85 97 83
37 78 39 79
111 82 113 83
196 119 198 119
245 65 245 67
168 118 170 118
192 124 194 124
144 140 146 140
214 129 212 129
155 143 157 143
162 116 160 116
92 23 94 23
13 78 11 78
185 122 183 122
192 152 190 152
204 127 206 127
225 132 223 132
85 51 85 49
12 30 12 28
244 100 244 102
54 89 56 89
201 105 199 105
66 92 68 92
173 99 173 97
181 51 181 53
159 80 159 82
149 36 147 36
160 79 160 77
189 123 187 123
161 66 161 64
248 61 250 61
1 74 2 73
1 74 2 73
1 74 2 73
243 60 242 59
243 60 242 59
21 31 22 32
191 124 190 123
191 124 190 123
191 124 190 123
103 28 104 29
5 63 6 62
5 63 6 62
64 91 65 92
64 91 65 92
67 58 66 59
113 97 114 98
141 66 140 67
27 61 26 60
96 36 97 35
161 43 162 44
76 70 75 71
153 90 154 89
103 28 104 29
35 4 36 3
241 57 240 56
108 35 107 36
174 100 175 101
81 23 80 22
148 59 149 58
65 60 64 61
1 74 2 73
101 31 102 30
106 58 107 59
156 87 155 88
191 44 192 43
17 51 16 50
16 53 16 54
26 6 25 6
220 118 219 118
220 118 219 118
220 118 219 118
5 76 4 76
195 125 196 125
195 125 196 125
234 100 233 100
52 7 51 7
52 7 51 7
223 105 224 105
223 105 224 105
223 105 224 105
178 149 179 149
58 117 57 117
222 42 221 42
29 44 28 44
64 78 63 78
30 62 29 62
12 42 12 41
225 43 224 43
33 77 34 77
108 81 109 81
64 5 65 5
105 55 105 56
68 34 68 33
54 116 53 116
86 21 85 21
86 21 85 21
108 80 107 80
84 55 84 54
117 22 117 21
14 79 15 79
117 99 118 99
33 4 32 4
247 86 247 87
221 131 222 131
61 79 60 79
226 104 227 104
94 43 94 44
188 151 189 151
58 117 57 117
217 119 216 119
219 131 220 131
133 69 134 69
223 105 224 105
197 104 198 104
235 77 235 76
181 149 180 149
52 7 51 7
66 77 67 77
152 142 153 142
55 117 56 117
175 43 176 43
188 72 188 73
178 43 177 43
42 1 43 1
220 118 219 118
121 21 120 21
178 120 177 120
186 151 187 151
211 129 211 129
196 41 196 41
172 81 172 81
172 81 172 81
27 72 27 72
118 28 118 28
132 21 132 21
109 63 109 63
109 63 109 63
109 63 109 63
109 63 109 63
109 63 109 63
149 37 149 37
36 112 36 112
18 57 18 57
18 57 18 57
18 57 18 57
21 80 21 80
21 80 21 80
23 68 23 68
64 14 64 14
41 7 41 7
68 17 68 17
68 17 68 17
38 3 38 3
149 38 149 38
248 85 248 85
108 34 108 34
108 34 108 34
99 128 99 128
105 57 105 57
193 83 193 83
13 44 13 44
235 49 235 49
198 154 198 154
238 101 238 101
175 65 175 65
120 27 120 27
27 42 27 42
201 41 201 41
251 67 251 67
238 53 238 53
135 69 135 69
148 94 148 94
19 60 19 60
183 95 183 95
10 78 10 78
105 28 105 28
29 61 29 61
227 103 227 103
165 145 165 145
15 107 15 107
109 63 109 63
72 54 72 54
186 122 186 122
24 19 24 19
28 14 28 14
35 78 35 78
62 62 62 62
227 133 227 133
27 72 27 72
33 83 33 83
160 40 160 40
176 61 176 61
122 69 122 69
139 98 139 98
190 100 190 100
