190 161
183
89 39 42 3
74 62 106 86
183 63 187 87
22 108 37 96
38 37 53 48
111 56 97 45
43 92 29 83
114 58 114 74
27 46 15 56
170 48 182 58
115 75 115 90
141 121 129 129
65 150 77 157
35 8 26 17
40 17 40 29
153 114 143 120
166 106 156 112
127 130 117 136
90 153 80 159
119 90 128 83
52 46 61 53
24 18 16 25
39 25 39 35
33 11 40 4
130 47 122 52
38 134 30 129
155 66 147 71
137 78 129 83
98 148 106 143
29 128 21 123
179 85 186 91
41 9 41 18
121 53 113 57
171 103 178 98
14 119 21 124
35 39 29 45
114 138 107 142
11 107 10 115
152 45 152 37
153 45 153 53
154 61 154 53
158 38 152 33
144 37 138 41
151 32 145 36
109 88 115 92
39 134 45 138
13 27 8 32
91 152 97 149
9 61 3 64
16 74 21 78
164 43 169 47
69 59 74 63
13 92 13 98
12 99 12 105
5 48 5 54
5 67 10 70
5 67 10 70
141 75 146 72
59 146 64 149
59 146 64 149
174 81 178 85
91 40 95 44
163 72 167 76
6 42 6 47
55 144 51 141
11 71 15 74
50 141 46 138
4 55 4 60
7 41 7 36
12 29 15 26
38 96 41 93
184 94 181 97
187 88 188 92
155 61 155 65
42 4 42 8
68 58 65 56
170 103 167 105
14 57 11 59
137 42 134 44
38 36 38 33
14 88 14 91
151 37 151 34
48 43 50 45
48 43 50 45
179 98 181 96
179 98 181 96
169 48 167 46
27 15 25 17
119 89 117 91
174 52 176 54
39 6 41 4
159 39 161 41
159 69 161 71
108 87 106 85
131 46 133 44
161 40 163 42
62 54 64 56
15 113 17 111
37 38 35 40
37 38 35 40
46 42 44 40
173 81 171 79
182 60 183 62
18 121 16 121
15 83 15 85
3 61 3 63
8 33 8 35
90 40 91 41
78 66 77 65
11 118 10 117
11 118 10 117
13 119 12 118
81 68 82 69
169 77 170 78
87 38 86 37
25 80 26 81
12 115 13 114
4 65 3 66
179 56 180 57
138 77 139 76
56 144 57 145
11 118 10 117
140 76 139 77
99 46 100 47
27 81 28 82
90 40 91 41
64 55 63 54
95 43 96 44
14 86 14 87
24 79 23 79
154 113 155 113
116 137 115 137
145 72 145 72
152 114 152 114
152 114 152 114
152 114 152 114
152 114 152 114
152 114 152 114
128 84 128 84
131 127 131 127
131 127 131 127
131 127 131 127
184 67 184 67
186 83 186 83
123 52 123 52
28 128 28 128
28 128 28 128
66 56 66 56
162 72 162 72
162 72 162 72
76 157 76 157
76 157 76 157
116 91 116 91
95 77 95 77
22 78 22 78
22 78 22 78
22 78 22 78
89 74 89 74
89 74 89 74
112 56 112 56
185 94 185 94
139 123 139 123
78 31 78 31
78 31 78 31
31 129 31 129
56 13 56 13
133 45 133 45
12 59 12 59
15 82 15 82
184 67 184 67
165 106 165 106
187 93 187 93
173 101 173 101
125 86 125 86
14 114 14 114
99 80 99 80
48 7 48 7
186 93 186 93
82 34 82 34
18 54 18 54
108 53 108 53
145 72 145 72
42 93 42 93
