220 230
341
49 87 2 52
167 171 211 135
120 199 157 229
19 118 54 146
71 104 53 90
78 11 58 1
127 113 127 132
104 128 91 118
96 36 82 42
128 97 128 112
44 72 59 72
138 70 138 55
153 164 165 173
111 111 96 111
171 219 181 210
83 31 83 44
160 127 173 127
174 76 186 81
108 131 118 139
125 41 135 49
183 150 193 142
71 68 80 77
89 81 101 83
114 37 125 42
70 82 70 70
84 107 75 100
193 199 185 207
137 64 132 74
133 86 128 96
95 65 85 60
66 22 56 27
122 40 127 50
97 66 108 66
18 29 18 40
194 87 186 80
162 227 170 220
2 49 11 44
147 160 139 154
200 106 200 116
29 67 22 60
71 67 69 58
81 55 81 46
17 21 17 30
102 83 111 83
71 92 71 83
82 21 82 30
141 95 141 86
168 155 159 155
137 80 137 71
146 80 154 76
190 91 186 83
114 65 122 61
78 12 82 20
27 9 34 4
33 25 27 19
27 8 21 14
198 113 192 119
39 27 47 28
5 86 4 78
184 124 191 120
216 144 215 152
19 41 19 49
153 75 161 75
100 35 108 35
46 44 54 44
164 183 164 191
165 175 165 183
23 11 18 17
104 186 98 181
56 148 62 153
143 79 150 76
130 108 134 114
82 112 88 116
123 59 127 53
143 121 137 117
24 37 19 32
198 195 203 190
55 27 48 28
2 67 1 60
135 85 140 80
161 214 161 207
163 109 170 109
27 18 27 11
160 215 160 222
145 102 142 96
68 20 71 14
73 49 70 55
130 75 124 78
86 172 81 168
86 172 81 168
75 163 80 167
16 116 11 112
78 109 73 105
64 70 70 69
69 5 70 11
200 95 201 101
6 94 6 88
3 75 3 69
198 123 198 129
159 223 159 229
77 34 72 37
30 67 35 70
38 27 33 24
199 94 196 89
74 48 78 44
88 39 84 43
113 194 109 190
72 161 68 157
130 139 134 143
155 107 150 105
171 109 176 108
163 199 163 194
69 68 69 63
20 50 20 55
219 129 215 132
210 121 214 124
199 122 199 117
160 126 155 126
8 101 8 106
179 107 183 104
59 43 54 43
89 174 93 177
78 32 81 28
7 95 7 100
189 97 187 101
116 82 120 80
178 126 182 124
128 134 130 138
73 71 76 74
80 76 83 79
130 147 133 150
142 84 145 81
115 195 118 198
123 142 126 145
207 187 204 190
122 142 119 139
132 47 135 50
152 164 149 161
64 154 67 157
122 142 119 139
194 199 197 196
72 93 73 97
40 2 36 3
218 136 217 140
137 55 136 51
72 38 68 39
162 109 158 108
162 109 158 108
28 39 24 38
109 66 113 65
168 75 164 74
218 135 219 131
210 177 210 173
157 154 153 154
162 201 162 205
170 154 174 154
201 109 201 105
209 182 209 178
9 111 9 107
212 167 212 163
29 40 32 42
19 17 17 20
149 104 146 102
121 108 124 106
141 149 138 147
37 70 40 71
21 56 22 59
121 80 124 79
81 29 81 26
63 41 66 41
88 109 91 109
197 133 197 130
172 75 169 75
111 82 114 82
111 82 114 82
208 186 208 183
60 71 63 71
211 168 211 171
42 44 45 44
190 95 190 92
134 85 136 83
94 178 96 180
184 104 186 102
142 79 140 81
182 209 184 207
199 111 197 113
106 188 108 190
134 150 136 152
181 151 179 152
181 151 179 152
214 156 213 158
212 134 214 133
145 151 143 150
28 11 29 9
82 56 83 58
145 122 147 123
87 80 85 79
71 13 71 11
71 13 71 11
71 13 71 11
115 110 113 110
97 36 99 36
129 107 129 105
196 135 196 137
34 42 36 42
121 39 121 41
213 159 213 161
201 102 201 104
38 43 40 43
127 43 129 43
55 1 57 1
42 1 44 1
80 52 80 50
118 109 120 109
1 59 1 57
61 42 63 42
109 36 111 36
71 13 71 11
163 191 163 193
214 153 214 155
18 118 17 117
73 161 74 162
73 161 74 162
217 142 216 143
74 98 75 99
74 98 75 99
77 33 76 34
21 35 20 34
67 6 68 7
74 47 75 48
193 85 192 84
70 56 69 57
107 131 106 130
113 37 112 36
194 140 193 141
82 41 81 42
216 125 217 126
74 98 75 99
136 116 135 115
80 43 79 44
52 90 51 89
183 79 182 78
128 146 127 145
90 118 89 117
147 152 148 152
156 108 157 108
152 125 153 125
127 52 127 51
4 76 4 77
92 110 93 110
163 74 162 74
18 20 18 19
150 153 151 153
209 120 208 120
42 72 43 72
162 199 162 200
66 40 67 40
80 110 79 110
149 124 150 124
149 124 150 124
177 153 176 153
82 45 82 46
195 138 195 139
96 65 97 65
137 153 138 153
66 40 67 40
131 74 131 73
84 40 85 40
155 76 155 76
36 43 36 43
36 43 36 43
36 43 36 43
36 43 36 43
36 43 36 43
36 43 36 43
36 43 36 43
59 42 59 42
59 42 59 42
59 42 59 42
59 42 59 42
59 42 59 42
59 42 59 42
59 42 59 42
59 42 59 42
59 42 59 42
124 59 124 59
124 59 124 59
122 60 122 60
122 60 122 60
122 60 122 60
142 121 142 121
142 121 142 121
142 121 142 121
186 122 186 122
84 59 84 59
140 120 140 120
77 11 77 11
77 11 77 11
178 107 178 107
136 69 136 69
117 109 117 109
35 4 35 4
132 73 132 73
137 146 137 146
30 40 30 40
30 40 30 40
72 68 72 68
129 104 129 104
79 30 79 30
142 121 142 121
138 74 138 74
131 111 131 111
131 111 131 111
151 105 151 105
189 96 189 96
126 106 126 106
126 106 126 106
124 59 124 59
91 82 91 82
184 82 184 82
148 104 148 104
148 104 148 104
72 104 72 104
96 83 96 83
127 105 127 105
59 42 59 42
135 145 135 145
126 56 126 56
126 56 126 56
59 42 59 42
125 58 125 58
81 15 81 15
83 78 83 78
36 43 36 43
146 123 146 123
137 67 137 67
140 91 140 91
119 198 119 198
142 86 142 86
191 85 191 85
67 4 67 4
