158 147
44
152 145 78 145
77 145 11 145
110 36 55 36
109 2 56 2
6 77 56 77
107 113 156 113
7 43 55 43
114 79 152 79
111 27 111 49
109 64 109 85
110 46 110 67
108 103 108 83
54 47 54 27
55 48 55 67
110 11 110 28
55 11 55 26
3 72 3 85
5 101 5 90
107 101 107 112
4 93 4 82
8 114 8 125
6 109 6 98
10 141 10 130
7 117 7 106
9 133 9 122
109 12 109 3
155 108 155 100
56 68 56 76
154 100 154 92
156 108 156 116
56 10 56 3
5 56 5 63
153 139 153 132
6 55 6 48
4 71 4 64
155 124 155 117
11 138 11 144
154 131 154 125
152 81 153 85
153 86 153 90
7 44 7 47
152 140 152 143
153 91 153 92
5 77 5 77
