166 144
49
156 68 59 68
67 102 157 102
106 2 24 2
59 141 59 85
59 108 3 108
7 142 59 142
155 33 108 33
157 33 164 70
58 124 58 89
59 84 59 69
107 12 107 25
4 102 4 89
5 80 5 92
6 82 6 71
12 13 12 24
3 109 3 98
11 23 11 33
7 62 7 72
8 52 8 62
10 33 10 42
9 52 9 43
6 138 6 129
5 121 5 130
14 2 23 2
161 87 161 78
159 89 159 98
3 110 4 118
66 102 58 102
160 84 160 92
162 81 162 73
13 7 13 15
106 4 106 11
158 94 158 101
163 76 163 70
108 26 108 32
163 68 157 68
7 141 7 137
160 52 161 49
4 122 4 119
14 6 14 3
160 44 159 46
159 38 159 40
162 55 161 56
162 55 161 56
162 62 162 63
158 41 158 41
158 35 158 35
162 61 162 61
163 60 163 60
