188 158
189
36 65 61 45
4 89 21 76
127 54 143 42
110 31 110 48
111 48 111 65
15 99 29 107
140 111 140 127
169 51 181 61
73 11 73 26
119 149 131 142
170 22 180 31
64 10 74 2
63 11 53 19
99 56 109 64
160 14 151 5
183 48 181 36
143 92 153 86
77 137 87 143
64 129 74 135
160 82 169 75
14 52 22 44
91 15 99 23
115 26 124 20
141 135 132 130
125 19 133 13
30 69 22 75
52 121 60 127
37 33 44 26
43 28 50 21
43 28 50 21
118 120 110 115
117 150 109 155
170 75 178 70
88 13 80 8
123 124 131 129
126 103 134 98
103 153 95 148
96 19 103 25
4 82 2 91
141 127 141 136
72 36 72 27
139 111 139 102
112 64 119 59
62 44 69 39
161 44 167 50
118 25 111 29
118 25 111 29
142 93 135 97
76 5 83 9
37 63 31 68
36 111 42 115
108 29 102 25
14 98 8 94
133 141 139 137
164 17 159 12
4 81 5 74
135 12 140 7
11 54 16 49
149 15 149 22
74 3 74 10
150 23 150 30
94 147 88 144
28 107 34 110
87 13 92 17
74 38 79 42
142 6 147 2
52 122 47 118
185 62 185 56
6 66 6 72
154 85 159 82
152 7 148 3
148 9 147 4
184 54 183 49
29 39 33 36
121 106 117 109
186 65 182 62
67 40 71 37
28 40 24 43
165 18 169 21
79 6 75 3
108 156 104 154
151 34 153 38
98 56 95 53
147 39 144 42
20 47 23 44
158 42 155 39
83 45 80 42
49 23 52 20
120 59 123 56
148 14 148 10
8 60 8 56
148 14 148 10
44 117 41 115
35 34 32 36
125 104 122 106
125 104 122 106
63 128 60 126
112 112 109 114
33 110 36 112
6 93 3 92
180 68 183 67
181 35 180 32
7 63 7 66
186 64 186 61
45 57 47 55
139 9 141 7
84 45 86 47
124 19 122 21
88 48 90 50
180 61 178 59
93 52 91 50
40 61 42 59
38 31 36 33
161 45 159 43
134 12 136 10
7 86 5 88
124 124 122 123
117 120 119 121
120 121 121 123
151 31 151 33
55 124 57 124
13 98 15 98
3 85 3 83
7 60 7 62
63 44 64 43
66 9 67 8
45 117 44 116
46 118 47 119
29 69 28 70
29 69 28 70
56 48 55 49
10 84 11 83
10 54 9 55
12 96 11 97
168 50 167 49
55 18 54 19
93 18 94 19
10 84 11 83
16 79 15 80
124 56 125 55
143 6 144 5
148 39 149 38
50 53 51 52
8 95 7 94
185 66 184 66
180 69 179 69
184 56 184 55
5 72 5 73
5 72 5 73
184 51 184 50
75 136 76 136
141 93 141 93
141 93 141 93
141 93 141 93
26 106 26 106
16 99 16 99
126 19 126 19
139 135 139 135
111 30 111 30
111 30 111 30
128 16 128 16
128 16 128 16
128 16 128 16
34 65 34 65
90 16 90 16
154 39 154 39
154 39 154 39
152 86 152 86
144 92 144 92
89 14 89 14
25 72 25 72
39 114 39 114
39 114 39 114
34 65 34 65
119 24 119 24
120 22 120 22
111 115 111 115
27 72 27 72
166 78 166 78
107 29 107 29
130 129 130 129
158 82 158 82
171 75 171 75
78 137 78 137
168 21 168 21
141 93 141 93
18 100 18 100
109 30 109 30
118 150 118 150
