191 248
344
43 161 62 161
98 201 107 185
143 122 135 137
45 233 62 233
125 153 117 168
81 231 73 245
101 35 109 21
82 68 90 54
94 208 86 222
126 152 134 138
147 85 131 85
90 187 90 203
64 140 74 152
104 87 89 87
104 159 89 159
32 154 39 141
113 15 120 2
171 74 164 86
48 126 41 138
147 115 154 103
62 102 69 90
23 220 11 213
71 247 59 241
58 174 70 180
144 13 131 13
58 240 47 234
163 77 152 83
91 53 97 42
115 47 118 59
103 55 103 43
60 129 60 117
184 52 190 42
21 173 15 183
8 196 2 206
86 88 76 93
29 204 34 214
72 214 77 204
155 102 160 92
56 113 61 103
102 147 112 142
34 182 29 192
102 58 102 47
63 109 68 100
132 24 123 29
135 6 126 1
77 225 68 230
68 164 77 169
116 21 125 16
153 16 144 11
133 118 133 128
47 174 57 174
121 118 121 128
145 72 135 72
76 137 83 144
117 109 110 102
119 61 126 68
72 119 76 110
168 25 176 30
21 214 27 221
113 25 107 32
132 88 141 88
82 103 90 99
63 221 70 216
42 176 35 181
51 121 55 114
99 148 91 147
76 78 80 71
169 28 173 35
136 23 144 23
72 128 72 120
115 76 121 81
87 158 80 155
120 117 117 110
152 26 158 30
121 32 117 38
37 217 43 221
107 66 111 72
15 184 11 190
179 61 175 67
183 34 177 30
85 174 80 169
132 118 131 111
76 109 81 104
30 224 35 229
165 44 165 51
28 195 28 202
175 51 175 58
27 163 30 157
4 209 10 212
84 144 90 147
116 169 113 175
80 221 85 217
80 173 85 177
102 99 108 101
50 223 44 221
18 191 17 197
40 231 46 232
99 98 93 98
51 223 57 223
125 82 120 79
120 131 117 136
175 68 172 73
29 224 24 221
171 66 168 71
37 165 32 168
119 152 123 148
110 76 114 80
166 24 162 20
160 62 156 66
31 168 27 172
119 94 123 98
123 99 127 103
70 98 74 94
163 56 161 61
163 39 161 34
90 185 88 180
98 41 100 36
73 183 75 188
39 163 44 162
39 163 44 162
38 164 43 163
89 208 89 203
153 68 149 71
75 80 72 84
89 191 89 186
136 6 140 9
184 34 188 37
24 176 21 180
128 141 125 145
104 60 104 55
172 64 174 60
109 89 113 91
21 182 19 186
113 155 109 157
116 138 113 141
161 20 158 17
111 26 108 29
73 129 74 133
104 41 105 37
73 129 74 133
62 221 58 222
130 70 134 71
175 43 175 47
175 43 175 47
175 43 175 47
175 43 175 47
77 195 77 191
116 41 116 45
61 118 61 114
145 24 149 24
49 159 53 159
78 196 78 200
109 181 111 178
81 222 78 224
81 172 78 170
107 71 109 74
95 206 97 203
84 226 82 229
76 165 79 167
181 57 183 54
163 88 161 91
26 164 24 167
109 181 111 178
109 181 111 178
21 212 20 209
70 89 71 86
146 116 145 119
21 212 20 209
50 122 49 125
103 62 103 59
128 15 125 15
150 84 147 84
68 231 65 231
65 163 65 160
131 14 128 14
18 203 18 200
164 43 164 40
176 49 176 52
63 159 60 159
128 87 131 87
179 60 181 58
70 99 68 101
158 31 160 33
166 74 164 76
113 73 111 71
117 153 115 155
36 228 38 230
76 153 78 155
27 173 25 175
129 69 127 68
70 181 72 182
123 85 121 84
76 136 75 134
110 20 111 18
150 85 152 84
116 93 115 91
36 165 34 166
91 99 93 99
129 140 129 138
89 88 87 88
101 147 99 147
176 44 176 46
164 52 164 54
47 175 45 175
133 24 135 24
54 158 56 158
35 215 36 216
35 215 36 216
35 215 36 216
36 181 35 182
190 38 189 37
124 146 123 147
1 208 2 207
106 88 107 89
68 146 67 145
167 26 168 27
167 26 168 27
167 26 168 27
78 154 77 153
78 154 77 153
115 154 116 153
85 215 86 214
174 40 175 41
123 30 122 31
118 82 119 83
116 81 117 82
74 164 73 163
85 179 84 178
22 171 21 172
112 74 113 75
155 67 154 68
86 176 87 177
129 106 128 105
11 191 10 192
114 23 115 22
155 16 156 17
112 16 111 17
35 215 36 216
9 194 8 195
31 155 30 156
147 86 148 86
100 99 101 99
131 134 131 135
19 209 19 208
18 206 18 205
132 128 132 129
17 200 17 199
86 179 86 180
63 137 63 138
87 211 87 212
117 39 117 40
61 131 61 132
106 64 106 63
44 176 43 176
18 188 18 189
87 183 87 182
87 183 87 182
87 183 87 182
151 25 150 25
151 25 150 25
151 25 150 25
106 34 106 35
129 108 130 108
128 83 127 83
61 129 61 128
147 71 148 71
84 217 84 216
23 170 23 169
85 224 85 223
132 132 132 131
125 86 126 86
143 10 142 10
29 194 29 193
62 134 62 135
105 67 105 68
69 161 68 161
106 158 107 158
120 129 120 130
62 112 62 111
174 38 174 37
63 162 62 162
130 137 130 138
144 121 144 120
104 64 104 65
88 208 88 209
76 190 76 191
87 178 87 178
130 109 130 109
130 109 130 109
47 160 47 160
104 88 104 88
96 86 96 86
128 84 128 84
59 175 59 175
82 157 82 157
84 177 84 177
105 61 105 61
17 192 17 192
167 72 167 72
109 102 109 102
109 102 109 102
109 102 109 102
109 102 109 102
34 227 34 227
105 60 105 60
132 114 132 114
66 160 66 160
163 58 163 58
17 202 17 202
71 215 71 215
82 220 82 220
115 140 115 140
112 103 112 103
40 178 40 178
176 47 176 47
57 158 57 158
63 232 63 232
89 158 89 158
163 22 163 22
71 162 71 162
164 55 164 55
139 12 139 12
95 207 95 207
176 54 176 54
123 66 123 66
109 102 109 102
31 226 31 226
113 23 113 23
121 33 121 33
105 61 105 61
172 66 172 66
86 89 86 89
94 148 94 148
82 157 82 157
104 43 104 43
167 24 167 24
121 17 121 17
82 142 82 142
54 160 54 160
114 75 114 75
43 232 43 232
78 106 78 106
83 89 83 89
83 90 83 90
