237 169
257
230 131 221 168
109 7 131 7
110 21 131 21
131 36 110 36
162 69 162 48
130 72 110 72
55 14 35 14
231 31 217 17
152 61 152 42
191 44 210 44
153 22 153 41
80 16 80 33
81 34 81 51
233 71 229 87
230 50 230 35
140 34 153 28
163 33 163 47
15 21 27 27
66 26 78 20
189 13 202 13
55 64 42 64
87 23 87 36
178 41 167 36
204 81 192 81
59 28 47 28
59 28 47 28
185 14 175 19
19 57 29 62
133 8 143 13
90 64 100 69
88 48 88 37
16 36 16 25
50 29 39 29
229 62 229 51
33 13 23 9
191 28 181 26
3 80 3 90
233 97 233 107
3 80 3 90
4 91 4 101
31 28 41 28
6 122 6 112
17 37 17 47
15 48 8 55
221 77 212 79
236 72 235 81
115 154 124 155
7 132 7 123
234 87 234 96
5 111 5 102
184 43 193 43
232 108 232 117
231 127 231 118
26 6 34 2
73 9 79 15
16 16 22 10
7 55 1 61
178 163 170 162
33 63 41 64
2 73 1 65
103 73 111 74
136 77 144 77
216 43 208 43
126 75 118 75
25 64 17 64
153 78 145 78
187 82 179 82
187 82 179 82
34 65 26 65
90 72 98 72
204 85 212 85
135 76 127 76
60 68 52 68
25 64 17 64
43 67 51 67
18 56 18 48
88 27 94 32
97 14 103 19
151 63 145 68
66 62 73 59
210 15 217 18
137 70 144 68
72 8 66 4
167 37 163 31
192 28 199 29
57 146 64 146
61 69 68 69
203 166 196 166
154 79 161 79
35 66 42 66
110 35 103 35
105 153 112 153
28 141 21 141
228 63 228 70
195 83 188 83
135 157 142 157
97 152 104 152
196 84 203 84
167 161 160 161
16 63 9 63
213 86 220 86
91 19 88 25
224 40 218 42
206 28 212 28
50 145 56 145
37 1 43 1
29 142 35 142
56 63 62 63
195 165 189 165
211 80 205 80
200 29 206 29
159 160 153 160
182 164 188 164
137 35 131 35
231 38 231 32
65 147 71 147
211 168 217 168
43 144 49 144
8 139 8 133
210 167 204 167
90 151 96 151
134 156 128 156
60 1 54 1
164 27 169 24
63 12 68 9
167 74 163 70
225 40 229 36
145 14 149 18
136 19 141 17
212 27 217 26
16 140 11 139
112 74 117 74
112 74 117 74
79 14 79 19
84 150 89 150
203 14 208 14
2 79 2 74
165 80 170 80
81 71 86 71
64 27 59 27
177 24 175 20
88 61 91 64
226 73 223 76
219 25 220 21
79 149 83 150
69 70 73 70
100 33 96 33
60 2 64 2
76 148 72 148
4 62 8 62
80 70 76 70
136 71 132 71
236 67 236 71
235 82 235 86
180 42 184 42
135 20 131 20
221 87 225 87
168 74 171 76
150 20 152 23
80 52 79 55
103 34 100 34
102 73 99 73
142 13 142 16
149 159 152 159
236 59 236 62
20 140 17 140
39 143 42 143
107 20 110 20
15 20 15 17
103 34 100 34
56 13 59 13
185 80 188 80
90 30 88 28
142 15 140 17
92 18 94 16
100 11 98 13
178 24 180 25
104 19 106 20
164 28 163 30
75 58 77 57
230 130 230 128
230 130 230 128
230 130 230 128
139 34 137 34
139 34 137 34
139 34 137 34
65 10 67 10
62 12 60 12
186 14 188 14
191 80 189 80
181 79 183 79
175 77 173 77
177 78 179 78
16 17 16 15
107 71 109 71
177 81 175 81
171 81 173 81
127 155 125 155
107 8 109 8
164 32 164 34
235 65 235 63
181 163 179 163
162 80 164 80
36 143 38 143
147 158 145 158
89 71 87 71
94 31 95 32
19 14 18 15
151 28 152 27
32 63 31 62
25 8 26 7
131 8 132 8
131 8 132 8
131 8 132 8
131 8 132 8
15 24 15 23
36 2 35 2
179 41 180 41
68 7 68 8
65 3 64 3
88 22 88 21
104 9 105 9
28 27 29 27
144 158 143 158
16 20 16 21
105 71 106 71
96 15 95 15
216 42 217 42
101 70 102 70
131 8 132 8
168 162 169 162
28 12 28 12
171 39 171 39
168 24 168 24
144 14 144 14
25 7 25 7
24 8 24 8
227 28 227 28
77 20 77 20
106 8 106 8
176 17 176 17
138 19 138 19
141 33 141 33
218 25 218 25
92 19 92 19
78 13 78 13
76 57 76 57
88 60 88 60
34 13 34 13
168 24 168 24
235 66 235 66
73 24 73 24
20 25 20 25
28 12 28 12
180 15 180 15
174 81 174 81
223 41 223 41
