82 246
306
80 111 80 13
80 169 80 243
1 244 62 244
80 112 80 168
33 2 1 2
49 2 80 2
50 87 31 87
50 87 31 87
5 47 13 63
5 199 5 216
63 244 80 244
5 45 5 28
47 159 34 159
47 159 34 159
47 159 34 159
65 29 65 42
47 1 34 1
77 31 77 44
34 172 47 172
77 129 77 116
65 203 65 216
65 116 65 129
28 188 19 197
6 26 12 15
5 132 5 120
74 194 69 184
22 226 17 216
47 12 57 17
47 99 57 104
74 194 69 184
7 194 12 184
74 194 69 184
74 194 69 184
46 147 35 147
46 147 35 147
35 234 46 234
35 234 46 234
75 110 70 101
75 221 70 230
69 62 74 53
69 62 74 53
77 205 77 215
58 18 64 26
55 56 62 49
62 238 69 232
69 61 62 67
69 61 62 67
36 77 45 77
80 3 80 12
46 60 37 60
36 77 45 77
46 60 37 60
80 3 80 12
64 217 60 225
60 138 64 130
9 226 5 218
68 182 62 176
35 60 28 56
45 11 37 11
45 98 37 98
15 182 21 177
70 17 75 23
65 182 71 187
17 128 19 135
17 41 19 48
23 18 29 14
67 13 62 8
62 93 67 98
67 65 62 70
67 65 62 70
16 213 16 206
16 119 16 126
16 119 16 126
16 119 16 126
16 39 16 32
48 146 54 143
48 146 54 143
48 146 54 143
25 104 30 100
23 53 28 57
34 233 28 231
44 185 50 187
47 73 41 74
18 199 17 205
4 34 4 40
38 86 44 86
4 120 4 126
60 239 55 242
60 239 55 242
8 107 11 102
23 154 28 157
51 187 56 190
60 239 55 242
23 154 28 157
13 182 17 178
13 182 17 178
13 182 17 178
13 182 17 178
13 182 17 178
67 12 71 16
12 186 16 182
12 186 16 182
19 110 23 106
23 19 19 23
17 236 13 232
13 182 17 178
17 95 13 99
17 95 13 99
55 143 59 139
19 24 17 29
62 48 64 43
48 233 53 231
19 24 17 29
25 4 30 3
25 4 30 3
35 12 30 13
47 59 52 58
47 59 52 58
53 71 58 70
19 69 23 72
14 147 17 151
18 150 21 154
76 31 76 26
52 173 47 173
52 173 47 173
20 136 23 140
25 229 22 225
76 134 76 129
76 134 76 129
76 219 76 214
52 88 56 90
17 68 14 65
18 236 21 239
65 10 62 7
65 10 62 7
23 52 20 49
23 52 20 49
23 52 20 49
17 65 14 62
17 65 14 62
62 178 65 181
18 236 21 239
23 52 20 49
23 52 20 49
64 202 63 198
30 145 34 146
76 116 76 112
45 169 41 169
30 173 34 173
76 116 76 112
60 71 57 73
62 152 65 150
62 152 65 150
73 140 74 137
73 140 74 137
73 140 74 137
73 140 74 137
54 230 57 229
7 135 6 132
55 174 52 174
27 174 30 174
33 73 36 73
60 178 60 175
35 170 32 170
5 115 5 118
55 174 52 174
5 115 5 118
15 11 17 9
15 11 17 9
19 66 21 68
19 66 21 68
60 195 62 197
11 144 13 146
20 8 18 10
20 8 18 10
20 8 18 10
20 8 18 10
7 137 9 139
59 193 57 191
59 193 57 191
59 193 57 191
19 66 21 68
67 148 69 146
16 11 14 13
16 11 14 13
21 175 19 177
16 11 14 13
60 68 58 69
25 70 23 69
60 92 58 91
60 92 58 91
52 57 54 56
60 154 58 155
19 8 21 7
25 241 23 240
23 6 25 5
30 171 28 172
31 243 33 243
31 243 33 243
30 187 32 187
17 116 17 118
25 173 26 172
25 173 26 172
25 173 26 172
55 156 56 155
28 88 27 89
28 88 27 89
9 141 8 140
24 90 23 91
19 111 18 112
19 111 18 112
19 111 18 112
19 111 18 112
19 111 18 112
10 142 11 143
66 148 67 147
28 72 27 71
28 72 27 71
55 4 56 5
25 90 24 91
25 90 24 91
19 111 18 112
25 90 24 91
21 92 20 93
21 92 20 93
70 58 71 57
25 73 26 74
6 110 7 109
52 243 53 242
25 173 26 172
71 144 70 145
60 7 59 6
51 75 50 76
25 173 26 172
10 228 11 229
30 88 31 88
30 88 31 88
30 88 31 88
47 76 48 76
38 74 39 74
38 74 39 74
38 74 39 74
38 74 39 74
50 243 49 243
50 243 49 243
50 243 49 243
47 170 48 170
4 211 4 210
6 112 6 113
32 76 33 76
75 50 75 51
75 197 75 196
77 202 77 203
30 88 31 88
55 74 54 74
28 242 27 242
28 242 27 242
27 230 28 230
27 230 28 230
35 186 34 186
64 27 64 28
55 172 54 172
75 26 75 25
75 26 75 25
52 3 53 3
52 3 53 3
7 196 6 196
7 196 6 196
30 72 31 72
64 27 64 28
30 72 31 72
30 72 31 72
30 72 31 72
17 215 17 214
75 135 75 134
30 88 31 88
50 88 50 88
23 239 23 239
23 239 23 239
23 239 23 239
23 239 23 239
23 239 23 239
21 196 21 196
18 113 18 113
18 113 18 113
21 51 21 51
75 219 75 219
52 75 52 75
35 76 35 76
35 76 35 76
21 6 21 6
6 28 6 28
23 192 23 192
21 51 21 51
23 192 23 192
21 22 21 22
19 70 19 70
21 196 21 196
5 113 5 113
6 199 6 199
8 20 8 20
23 239 23 239
58 5 58 5
58 5 58 5
70 229 70 229
12 59 12 59
