148 164
120
10 130 38 109
96 106 116 121
41 73 41 97
43 33 43 57
42 77 42 53
44 13 44 37
69 22 85 35
80 116 80 96
81 115 81 135
18 25 33 13
95 106 80 95
68 21 54 10
24 148 38 156
146 142 132 150
125 95 112 86
40 93 40 108
45 3 45 17
110 63 110 77
129 130 118 122
65 145 76 138
103 158 94 152
121 157 130 151
23 147 14 142
68 126 76 132
93 152 85 146
64 124 56 118
141 139 134 133
3 126 2 135
5 112 5 103
10 57 10 66
143 123 143 114
44 4 37 9
46 4 53 9
20 24 13 29
92 40 98 46
87 36 93 42
51 154 44 158
110 163 117 159
9 67 9 75
4 121 4 113
11 56 11 48
109 54 109 62
144 130 144 122
8 76 8 84
6 102 6 94
12 47 12 39
7 93 7 85
97 44 103 49
48 113 42 109
102 49 108 53
132 100 126 96
77 141 83 145
38 9 32 13
111 85 111 78
145 130 145 137
58 149 64 146
13 141 7 138
13 141 7 138
142 112 140 106
3 134 8 131
109 162 104 159
51 115 55 118
39 157 43 159
134 134 131 131
141 138 144 141
52 153 55 151
80 136 77 137
6 137 3 136
3 122 3 125
142 113 142 116
86 36 88 38
79 134 77 132
137 104 135 102
118 158 120 157
13 36 13 34
146 137 146 139
17 124 18 123
133 101 134 102
57 12 56 11
71 23 72 24
83 34 82 33
42 6 43 5
42 6 43 5
13 127 14 126
56 151 57 150
146 140 146 141
146 140 146 141
146 140 146 141
13 38 13 37
50 114 49 114
24 21 24 21
24 21 24 21
24 21 24 21
24 21 24 21
127 129 127 129
127 129 127 129
127 129 127 129
80 134 80 134
21 121 21 121
139 105 139 105
117 121 117 121
117 121 117 121
117 121 117 121
25 148 25 148
25 148 25 148
50 154 50 154
120 123 120 123
31 115 31 115
142 109 142 109
21 121 21 121
128 153 128 153
128 153 128 153
133 150 133 150
78 30 78 30
37 156 37 156
145 141 145 141
141 110 141 110
24 21 24 21
138 105 138 105
35 112 35 112
