640 480
83
351 283 351 233
257 233 257 283
287 305 302 314
333 223 318 215
289 243 301 236
268 227 280 220
273 297 285 304
261 290 272 296
317 214 308 209
329 259 325 250
342 228 350 232
308 313 315 309
312 283 319 279
281 264 281 256
321 279 326 273
334 224 341 227
282 219 288 215
280 254 279 261
261 231 267 228
283 271 287 276
302 236 308 238
345 291 350 289
283 273 281 268
321 305 326 303
340 294 336 297
317 239 321 242
289 215 293 212
335 297 331 300
308 284 303 284
280 262 280 267
322 245 326 248
289 278 293 281
294 212 298 209
320 306 316 308
323 275 320 278
323 247 326 250
313 239 309 238
311 237 315 238
325 272 326 268
282 250 282 254
283 248 285 245
341 294 344 292
341 294 344 292
296 237 293 239
330 300 327 302
294 281 297 282
300 208 303 207
282 268 282 265
328 262 328 259
305 236 308 236
286 277 284 275
317 241 319 242
314 240 316 240
327 263 327 265
302 283 300 283
324 273 323 274
323 244 324 245
281 252 280 253
304 315 303 314
284 249 285 248
286 246 287 245
302 237 303 237
283 250 283 251
257 288 257 287
310 283 309 283
318 279 318 279
318 279 318 279
318 279 318 279
318 279 318 279
318 281 318 281
318 281 318 281
318 281 318 281
318 281 318 281
318 281 318 281
285 247 285 247
284 274 284 274
299 285 299 285
281 269 281 269
293 283 293 283
312 284 312 284
320 243 320 243
327 267 327 267
282 253 282 253
