640 480
43
351 237 351 255
351 237 351 255
327 219 344 224
311 302 295 302
349 290 336 296
257 251 257 265
351 272 351 283
257 268 257 279
264 291 273 296
350 226 350 236
312 301 322 301
352 265 352 256
257 235 257 243
258 226 258 234
348 287 343 292
292 215 286 217
321 217 315 215
258 281 260 287
274 221 280 219
278 298 284 300
328 299 334 297
291 301 285 300
294 214 299 213
327 300 322 300
345 224 349 226
312 214 308 213
304 211 300 212
350 287 350 283
350 279 350 276
352 268 352 271
264 224 262 225
259 288 260 290
282 218 281 219
272 222 273 221
259 277 258 278
277 298 276 297
313 215 314 215
349 288 349 289
270 222 271 222
266 224 265 224
284 218 283 218
275 297 275 297
281 300 281 300
