640 480
35
332 306 281 306
334 303 356 281
356 280 356 262
357 243 357 261
252 253 252 270
311 219 295 219
266 294 255 283
266 295 277 306
253 281 253 271
289 220 299 220
251 243 251 252
320 220 312 220
344 230 338 226
266 228 261 233
355 240 350 235
267 228 273 225
258 236 262 231
254 240 257 237
330 223 334 224
329 222 325 222
288 221 284 221
345 231 348 233
275 224 278 223
335 225 337 225
324 221 322 221
309 220 311 220
259 236 260 235
279 223 280 223
356 244 355 244
281 222 282 222
346 231 346 231
268 227 268 227
270 226 270 226
339 226 339 226
321 221 321 221
