640 480
111
259 274 268 293
301 307 282 307
311 237 326 248
346 239 355 254
271 227 262 239
283 248 293 240
340 293 345 284
287 214 277 214
346 282 350 273
299 236 308 236
317 214 326 214
281 265 281 256
326 307 317 307
257 273 253 265
253 256 257 248
354 269 358 261
329 259 325 251
298 214 306 213
268 228 264 235
324 275 328 268
261 241 259 248
275 218 271 224
339 295 335 301
286 247 281 252
280 256 279 263
303 237 310 237
314 214 307 214
317 280 323 277
300 238 294 240
300 283 306 284
318 240 313 237
285 245 289 241
320 241 324 245
284 275 288 279
326 268 324 273
310 307 305 308
273 301 276 305
339 229 342 233
287 276 283 273
273 301 276 305
288 277 291 281
293 281 297 283
280 267 282 271
293 238 290 241
293 238 290 241
261 244 262 240
312 282 316 281
296 306 292 306
311 283 307 283
340 228 342 231
334 218 336 221
341 289 339 292
297 214 294 215
297 237 294 238
328 259 328 262
312 238 309 238
338 227 338 224
304 308 301 308
322 276 320 278
281 253 283 251
283 271 285 273
283 270 282 268
294 214 296 215
311 307 313 306
314 307 312 307
309 213 307 213
270 292 269 291
323 274 322 275
323 274 322 275
323 274 322 275
282 250 283 249
282 250 283 249
276 306 277 307
276 306 277 307
270 226 271 225
346 238 345 237
259 245 260 246
323 274 322 275
324 248 323 247
334 303 335 302
337 223 336 222
355 255 356 256
343 235 344 236
263 239 263 240
263 239 263 240
309 308 308 308
301 238 302 238
327 264 327 265
280 264 280 265
263 239 263 240
325 250 325 249
300 213 301 213
298 237 298 237
347 240 347 240
347 240 347 240
291 280 291 280
349 277 349 277
266 287 266 287
266 287 266 287
347 281 347 281
348 244 348 244
296 284 296 284
323 276 323 276
315 283 315 283
350 248 350 248
347 240 347 240
262 279 262 279
348 279 348 279
260 275 260 275
298 237 298 237
348 242 348 242
