640 480
32
257 285 257 239
351 285 351 263
352 241 352 262
288 294 304 294
284 232 271 232
328 231 315 231
341 232 329 232
285 231 297 231
261 287 272 291
283 293 293 293
317 294 307 294
275 292 284 292
334 292 325 292
347 287 340 290
348 233 342 233
270 233 264 233
314 230 308 230
298 230 304 230
258 238 260 233
349 235 351 240
333 291 338 291
324 293 319 293
349 287 345 289
276 291 273 291
296 292 294 292
265 289 264 289
339 290 339 290
268 289 268 289
262 288 262 288
339 290 339 290
260 287 260 287
339 290 339 290
