640 480
50
308 205 351 227
304 203 283 214
257 250 257 273
262 225 282 215
351 228 351 250
352 273 352 251
258 227 258 249
349 291 352 278
289 251 299 246
304 316 313 312
292 274 301 277
315 275 306 277
300 314 292 311
323 254 327 261
330 303 324 307
282 264 286 269
315 247 309 246
319 309 324 306
342 296 337 299
287 253 283 257
316 248 320 251
331 303 335 300
268 296 264 294
323 269 320 272
258 284 257 280
302 245 306 245
284 306 281 304
291 273 288 271
275 301 278 302
286 307 289 308
281 263 282 260
324 267 326 265
319 272 317 274
304 277 302 277
304 277 302 277
304 277 302 277
258 287 258 285
259 289 259 291
271 298 272 299
280 304 279 303
280 260 281 261
283 258 282 259
344 295 345 294
269 297 270 298
308 246 307 246
257 278 257 279
326 305 326 305
259 288 259 288
274 300 274 300
290 309 290 309
