640 480
48
352 265 352 247
275 300 262 294
332 301 319 304
351 266 351 279
294 218 304 216
346 294 338 298
348 227 350 235
259 238 259 231
258 239 258 246
257 265 257 259
257 265 257 259
257 284 257 278
256 252 256 258
258 285 258 291
313 218 308 217
320 220 325 221
351 246 351 241
333 300 337 298
281 302 285 303
276 223 272 224
350 236 351 240
309 305 313 305
308 306 304 306
351 291 351 287
285 221 282 221
342 225 339 225
338 224 335 224
318 219 315 219
260 227 260 230
297 306 300 306
257 250 257 247
266 225 269 225
330 222 327 222
296 305 294 305
288 220 286 220
344 226 346 226
293 219 291 219
279 222 281 222
277 223 278 222
289 220 290 219
289 220 290 219
289 220 290 219
278 301 277 301
333 223 334 223
331 223 332 223
288 304 289 304
270 224 271 224
264 226 263 226
