640 480
38
257 279 257 232
321 290 295 290
351 232 351 254
352 276 352 255
278 289 293 289
316 289 331 289
337 288 349 285
279 228 286 228
326 229 333 229
349 232 343 231
270 287 264 287
265 230 271 230
294 226 300 226
319 228 325 228
287 227 293 227
261 286 258 282
338 230 342 231
279 288 275 289
331 288 335 288
351 278 351 282
273 229 277 229
258 280 258 283
264 231 261 231
301 225 304 225
311 226 308 226
337 230 334 230
288 290 291 290
271 288 273 288
318 227 316 227
312 227 314 227
349 282 349 283
263 286 262 286
276 288 275 288
350 283 350 284
259 282 259 282
278 229 278 229
258 232 258 232
350 232 350 232
