640 480
65
273 302 290 310
258 252 258 235
323 308 335 302
311 255 298 255
351 252 351 240
341 221 350 226
271 301 263 296
352 253 352 262
351 278 351 287
257 262 257 253
259 225 259 234
271 220 263 223
350 231 351 239
257 275 258 283
292 211 298 208
304 315 310 313
278 217 272 219
291 258 297 256
294 265 300 267
313 266 318 263
343 298 338 301
294 266 289 264
308 208 313 210
307 267 312 266
352 277 352 272
350 288 350 293
320 259 316 257
314 210 318 212
287 261 291 263
290 212 286 213
326 215 322 214
296 312 292 311
303 267 299 266
334 219 338 220
256 269 256 265
257 270 257 274
259 289 259 293
258 288 258 284
319 264 316 266
282 215 285 214
333 218 330 217
299 208 302 207
322 309 319 310
350 227 350 230
313 312 311 313
306 267 304 267
329 216 327 216
279 216 281 216
310 267 312 267
299 314 298 313
320 213 319 212
292 264 293 265
352 266 352 265
303 206 304 206
303 206 304 206
344 297 345 297
313 256 312 256
289 259 290 259
340 221 339 221
314 257 314 257
314 257 314 257
315 266 315 266
322 263 322 263
309 266 309 266
309 266 309 266
