640 480
37
283 302 329 302
332 301 356 283
279 302 263 290
357 271 357 254
252 254 252 271
262 290 253 283
290 216 301 216
251 272 251 282
356 244 356 253
358 272 358 281
253 253 253 244
309 215 300 215
314 216 307 216
260 233 264 228
352 238 356 243
272 222 277 219
338 223 334 220
345 229 341 226
348 233 345 230
289 217 285 217
320 217 324 217
342 226 340 224
258 237 256 239
327 218 325 218
282 218 284 218
319 216 317 216
256 240 255 241
268 225 269 224
258 236 259 235
357 283 358 282
267 226 266 226
346 230 346 230
346 230 346 230
337 223 337 223
332 219 332 219
264 229 264 229
356 280 356 280
