640 480
63
331 311 282 311
274 306 260 285
272 220 260 234
332 216 343 227
252 255 252 268
322 261 312 267
344 228 349 238
300 255 310 255
309 267 299 267
321 260 312 256
298 255 289 259
253 244 258 236
307 211 316 212
356 261 356 270
357 260 357 252
342 295 346 289
335 305 339 299
351 238 355 244
259 284 255 278
251 254 251 247
291 213 284 213
253 269 253 276
300 211 306 211
355 271 355 276
351 282 348 286
296 267 292 264
336 221 332 219
274 220 278 218
272 221 269 224
288 260 289 264
311 266 307 266
283 214 279 214
358 251 358 247
321 213 325 213
260 236 262 233
299 212 296 212
292 212 295 212
317 212 320 212
339 222 341 224
354 278 352 280
276 309 274 307
301 266 299 266
288 214 286 214
350 236 351 237
350 236 351 237
276 310 277 311
276 216 275 217
286 261 287 261
286 261 287 261
286 261 287 261
347 288 347 287
347 288 347 287
334 306 334 307
286 261 287 261
285 215 284 215
341 296 341 297
310 212 311 212
354 277 354 277
313 267 313 267
295 265 295 265
322 263 322 263
315 266 315 266
290 263 290 263
