640 480
80
283 311 330 311
256 272 265 288
299 277 309 277
349 241 345 232
259 238 264 230
272 222 265 228
300 209 309 209
326 210 317 210
333 214 338 221
342 290 347 283
343 228 337 222
290 273 284 267
290 273 284 267
325 267 319 273
304 245 312 246
347 282 351 275
274 304 270 297
288 251 284 256
280 261 284 266
332 307 335 302
321 251 316 248
354 246 351 241
341 227 345 231
268 294 266 289
311 210 316 211
336 300 339 296
342 291 339 295
258 241 261 237
293 248 289 251
326 265 328 261
266 229 269 226
356 263 357 259
326 260 325 256
250 254 251 258
358 254 357 258
295 210 299 210
283 210 287 210
282 211 278 211
283 210 287 210
273 217 275 214
257 242 255 245
255 246 253 249
293 274 296 276
270 221 272 218
282 260 283 257
276 308 275 305
322 253 324 255
355 266 356 264
278 311 277 309
252 261 251 259
252 261 251 259
296 247 298 246
353 272 352 274
300 246 302 246
253 266 253 264
311 276 313 276
259 241 259 243
355 267 355 269
317 274 318 273
269 223 268 224
340 224 339 223
269 295 270 296
348 236 349 237
253 267 254 268
252 263 252 262
354 270 354 271
355 247 355 248
310 210 310 210
262 235 262 235
262 235 262 235
350 238 350 238
350 238 350 238
331 211 331 211
331 211 331 211
357 255 357 255
358 256 358 256
358 256 358 256
310 210 310 210
253 257 253 257
295 247 295 247
